"category"	"permutation_test"	"BF-FF"	"BMS8"	"BMS10"	"BMS16"	"BF3"	"BF4"	"BF6"	"FF2"	"FF3"	"FF7"	"FF13"	"FF15"	"FF5"	"BMS8"	"BMS10"	"BMS16"	"BF3"	"BF4"	"BF6"	"FF2"	"FF3"	"FF7"	"FF13"	"FF15"	"FF5"	"BMS8"	"BMS10"	"BMS16"	"BF3"	"BF4"	"BF6"	"FF2"	"FF3"	"FF7"	"FF13"	"FF15"	"FF5"
"1"	"Membrane Transport - ABC transporters"	0.8929	-0.0100160679269441	153	173	97	334	402	342	200	262	189	841	292	307	0.476635514018692	0.28130081300813	0.270949720670391	0.458161865569273	0.452193475815523	0.521341463414634	0.386100386100386	0.411302982731554	0.348066298342541	0.657544956997654	0.373879641485275	0.343784994400896	0.00946138148537505	0.00593115743280307	0.00508545664255007	0.00895250348450734	0.0104494294403577	0.00822926441925937	0.0104706559865976	0.00844072164948454	0.0109318063508589	0.0216484761120264	0.0102273125284578	0.00893350792957951
"2"	"Membrane Transport - Lipoprotein sorting"	0.2727	0.0130760499496289	5	44	5	10	4	24	8	5	0	41	12	6	0.0155763239875389	0.0715447154471545	0.0139664804469274	0.0137174211248285	0.00449943757030371	0.0365853658536585	0.0154440154440154	0.00784929356357928	0	0.0320562939796716	0.0153649167733675	0.00671892497200448	0.00030919547337827	0.00150850246845858	0.000262136940337632	0.000268039026482256	0.000103974422292116	0.000577492239948026	0.000418826239463902	0.000161082474226804	0	0.00105539538714992	0.000420300514868131	0.000174596246180707
"3"	"Membrane Transport - Membrane Transport"	0.7815	0.0191490345353597	153	395	248	362	454	279	272	350	322	383	425	552	0.476635514018692	0.642276422764228	0.692737430167598	0.496570644718793	0.510686164229471	0.425304878048780	0.525096525096525	0.549450549450549	0.593001841620626	0.299452697419859	0.544174135723432	0.618141097424412	0.00946138148537505	0.0135422380691168	0.0130019922407466	0.00970301275865766	0.0118010969301552	0.0067133472893958	0.0142400921417727	0.0112757731958763	0.0186245589681300	0.0098589373970346	0.0148856432349130	0.0160628546486251
"4"	"Membrane Transport - Uni- Sym- and Antiporters"	0.0913	-0.0141448451770923	10	3	8	18	29	11	28	20	25	14	34	28	0.0311526479750779	0.0048780487804878	0.0223463687150838	0.0246913580246914	0.0326209223847019	0.0167682926829268	0.0540540540540541	0.0313971742543171	0.0460405156537753	0.0109460516028147	0.0435339308578745	0.0313549832026876	0.00061839094675654	0.000102852441031267	0.000419419104540212	0.000482470247668060	0.000753814561617842	0.000264683943309512	0.00146589183812366	0.000644329896907216	0.00144600613106600	0.000360378912685338	0.00119085145879304	0.000814782482176633
"5"	"Membrane Transport - SecY2-SecA2 specialized system"	1	0.000228623685413809	0	0	0	1	0	0	0	0	0	0	0	0	0	0	0	0.00137174211248285	0	0	0	0	0	0	0	0	0	0	0	2.68039026482256e-05	0	0	0	0	0	0	0	0
"6"	"Membrane Transport - Sugar Phosphotransferase Systems, PTS"	0.186	-0.00829279506636603	0	0	0	4	0	0	10	0	7	0	18	0	0	0	0	0.00548696844993141	0	0	0.0193050193050193	0	0.0128913443830571	0	0.0230473751600512	0	0	0	0	0.000107215610592902	0	0	0.000523532799329878	0	0.000404881716698479	0	0.000630450772302196	0
"7"	"Respiration - ATP synthases"	0.1077	-0.167703388296907	94	125	111	199	282	118	128	190	173	125	222	242	0.274853801169591	0.123031496062992	0.208255159474672	0.228473019517796	0.404591104734577	0.0914728682170543	0.384384384384384	0.305466237942122	0.709016393442623	0.0971250971250971	0.330357142857143	0.510548523206751	0.00581287489951147	0.0042855183763028	0.00581944007549544	0.00533397662699689	0.00733019677159419	0.00283933684641113	0.00670121983142244	0.00612113402061856	0.0100063624269767	0.00321766886326194	0.00777555952506042	0.00704204859595519
"8"	"Respiration - Electron accepting reactions"	0.3912	0.0393427267069372	91	103	74	219	39	389	65	98	19	209	120	51	0.266081871345029	0.101377952755906	0.138836772983114	0.251435132032147	0.0559540889526542	0.301550387596899	0.195195195195195	0.157556270096463	0.0778688524590164	0.162393162393162	0.178571428571429	0.107594936708861	0.00562735761548451	0.00353126714207351	0.00387962671699696	0.0058700546799614	0.00101375061734813	0.00936018672249092	0.00340296319564421	0.00315721649484536	0.00109896465961016	0.00537994233937397	0.00420300514868131	0.00148406809253601
"9"	"Respiration - Electron donating reactions"	0.0873	0.127428175169547	93	569	271	258	274	468	70	219	27	586	177	112	0.271929824561404	0.56003937007874	0.50844277673546	0.296211251435132	0.393113342898135	0.362790697674419	0.210210210210210	0.352090032154341	0.110655737704918	0.455322455322455	0.263392857142857	0.236286919831224	0.00575103580483582	0.0195076796489303	0.0142078221662997	0.0069154068832422	0.00712224792700996	0.0112610986789865	0.00366472959530915	0.00705541237113402	0.00156168662155128	0.015084431630972	0.00619943259430493	0.00325912992870653
"10"	"Respiration - Respiration"	0.5059	-0.0247943973343616	63	147	47	191	74	315	69	115	25	356	147	69	0.184210526315789	0.144685039370079	0.0881801125703565	0.219288174512055	0.106169296987088	0.244186046511628	0.207207207207207	0.184887459807074	0.102459016393443	0.276612276612277	0.21875	0.145569620253165	0.0038958629645662	0.00503976961053209	0.00246408723917374	0.00511954540581109	0.00192352681240415	0.00757958564931784	0.00361237631537616	0.00370489690721649	0.00144600613106600	0.00916392092257002	0.0051486813071346	0.00200785683107813
"11"	"Respiration - Sodium Ion-Coupled Energetics"	0.1251	0.0257268837547837	1	72	30	4	28	0	1	0	0	11	6	0	0.00292397660818713	0.0708661417322835	0.0562851782363977	0.00459242250287026	0.0401721664275466	0	0.003003003003003	0	0	0.00854700854700855	0.00892857142857143	0	6.1839094675654e-05	0.00246845858475041	0.00157282164202579	0.000107215610592902	0.000727820956044813	0	5.23532799329878e-05	0	0	0.000283154859967051	0.000210150257434065	0
"12"	"Stress Response - Acid stress"	0.8878	0.000462276754189612	3	0	1	9	0	23	5	1	2	0	6	0	0.0115830115830116	0	0.0025	0.0122950819672131	0	0.0212569316081331	0.0183150183150183	0.00198019801980198	0.0114942528735632	0	0.0130718954248366	0	0.000185517284026962	0	5.24273880675265e-05	0.000241235123834030	0	0.000553430063283525	0.000261766399664939	3.22164948453608e-05	0.000115680490485280	0	0.000210150257434065	0
"13"	"Stress Response - Detoxification"	0.3928	-0.00899875868770558	8	8	1	12	7	2	6	17	10	1	7	4	0.0308880308880309	0.015748031496063	0.0025	0.0163934426229508	0.0173697270471464	0.00184842883548983	0.0219780219780220	0.0336633663366337	0.0574712643678161	0.000965250965250965	0.0152505446623094	0.00941176470588235	0.000494712757405232	0.000274273176083379	5.24273880675265e-05	0.000321646831778707	0.000181955239011203	4.81243533290021e-05	0.000314119679597927	0.000547680412371134	0.000578402452426398	2.57413509060956e-05	0.000245175300339743	0.000116397497453805
"14"	"Stress Response - Osmotic stress"	0.3097	0.0144690125291714	26	32	31	95	51	127	21	29	15	122	47	37	0.100386100386100	0.062992125984252	0.0775	0.129781420765027	0.126550868486352	0.117375231053604	0.0769230769230769	0.0574257425742574	0.0862068965517241	0.117760617760618	0.10239651416122	0.0870588235294118	0.00160781646156700	0.00109709270433352	0.00162524903009332	0.00254637075158143	0.00132567388422448	0.00305589643639164	0.00109941887859274	0.000934278350515464	0.000867603678639597	0.00314044481054366	0.00164617701656685	0.00107667685144769
"15"	"Stress Response - Oxidative stress"	0.5246	0.0162179381094282	87	139	81	221	123	282	63	120	53	273	148	95	0.335907335907336	0.273622047244095	0.2025	0.301912568306011	0.305210918114144	0.260628465804067	0.230769230769231	0.237623762376238	0.304597701149425	0.263513513513513	0.322440087145970	0.223529411764706	0.00538000123678189	0.00476549643444871	0.00424661843346964	0.00592366248525785	0.00319721348548257	0.0067855338193893	0.00329825663577823	0.0038659793814433	0.00306553299785991	0.00702738879736409	0.00518370635004028	0.00276444056452786
"16"	"Stress Response - Periplasmic Stress"	0.7239	-0.00368894211638626	6	13	4	24	10	46	12	8	2	65	14	7	0.0231660231660232	0.0255905511811024	0.01	0.0327868852459016	0.0248138957816377	0.0425138632162662	0.0439560439560440	0.0158415841584158	0.0114942528735632	0.0627413127413127	0.0305010893246187	0.0164705882352941	0.000371034568053924	0.000445693911135491	0.000209709552270106	0.000643293663557414	0.000259936055730290	0.00110686012656705	0.000628239359195854	0.000257731958762887	0.000115680490485280	0.00167318780889621	0.000490350600679486	0.000203695620544158
"17"	"Stress Response - Stress Response"	0.6599	-0.0184615265886974	129	316	282	371	212	602	166	330	92	575	237	282	0.498069498069498	0.622047244094488	0.705	0.506830601092896	0.52605459057072	0.55637707948244	0.608058608058608	0.653465346534653	0.528735632183908	0.555019305019305	0.516339869281046	0.663529411764706	0.00797724321315936	0.0108337904552935	0.0147845234350425	0.0099442478824917	0.00551064438148216	0.0144854303520296	0.00869064446887598	0.0106314432989691	0.00532130256232286	0.0148012767710049	0.00830093516864558	0.00820602357049323
"18"	"Amino Acids and Derivatives - Alanine, serine, and glycine"	0.298	0.0115010722721383	113	250	120	286	296	387	101	228	97	379	193	233	0.0680313064419025	0.0853533629224991	0.06993006993007	0.0745957224830464	0.0687093779015785	0.115729665071770	0.0525767829255596	0.0753221010901883	0.0540992749581707	0.0978316985028394	0.0667127549256827	0.0668004587155963	0.0069878176983489	0.0085710367526056	0.00629128656810318	0.00766591615739252	0.0076941072496166	0.00931206236916191	0.00528768127323177	0.00734536082474227	0.00561050378853606	0.00975597199341021	0.00675983328079577	0.00678015422668413
"19"	"Amino Acids and Derivatives - Arginine; urea cycle, polyamines"	0.9817	-0.000160737313551873	188	429	217	468	387	541	234	347	197	677	389	367	0.113184828416616	0.146466370775009	0.126456876456876	0.122065727699531	0.0898328690807799	0.161782296650718	0.121811556480999	0.114634952097787	0.109871723368656	0.174754775425916	0.134462495679226	0.105217889908257	0.0116257497990229	0.0147078990674712	0.0113767432106532	0.0125442264393696	0.0100595253567622	0.0130176375754951	0.0122506675043191	0.0111791237113402	0.0113945283128000	0.0174268945634267	0.0136247416903086	0.0106794703913866
"20"	"Amino Acids and Derivatives - Aromatic amino acids and derivatives"	0.7418	-0.0035800659269693	287	359	228	581	708	441	339	409	270	469	428	580	0.172787477423239	0.122567429156709	0.132867132867133	0.151538862806468	0.164345403899721	0.131877990430622	0.176470588235294	0.135117277832838	0.15058561070831	0.121063500258131	0.147943311441410	0.166284403669725	0.0177478201719127	0.0123080087767416	0.0119534444793960	0.0155730674386191	0.0184034727457046	0.0106114199090450	0.0177477618972829	0.0131765463917526	0.0156168662155128	0.0120726935749588	0.01499071836363	0.0168776371308017
"21"	"Amino Acids and Derivatives - Branched-chain amino acids"	0.5355	-0.00433109308422343	189	319	221	472	480	342	225	404	247	396	332	380	0.113786875376279	0.108910891089109	0.128787878787879	0.123109024517475	0.111420612813370	0.102272727272727	0.117126496616346	0.133465477370334	0.137757947573899	0.102219927723283	0.114759764949879	0.108944954128440	0.0116875888936986	0.0109366428963247	0.0115864527629234	0.0126514420499625	0.0124769306750539	0.00822926441925937	0.0117794879849223	0.0130154639175258	0.0142865405749320	0.0101935749588138	0.0116283142446850	0.0110577622581115
"22"	"Amino Acids and Derivatives - Glutamine, glutamate, aspartate, asparagine; ammonia assimilation"	0.3369	0.00404290435998495	31	98	75	90	122	115	66	72	41	88	80	92	0.0186634557495485	0.0334585182656197	0.0437062937062937	0.0234741784037559	0.0283194057567317	0.0343899521531100	0.0343571056741281	0.0237859266600595	0.0228667038482989	0.0227155394940630	0.0276529554096094	0.0263761467889908	0.00191701193494527	0.00335984640702139	0.00393205410506449	0.00241235123834030	0.00317121987990954	0.00276715031641762	0.00345531647557719	0.00231958762886598	0.00237145005494823	0.00226523887973641	0.00280200343245420	0.00267714244143751
"23"	"Amino Acids and Derivatives - Histidine Metabolism"	0.4295	0.00926686484663196	130	350	112	361	478	170	149	271	133	271	198	292	0.078266104756171	0.119494708091499	0.0652680652680653	0.0941575378195097	0.110956360259981	0.0508373205741627	0.07756376887038	0.0895275850677238	0.0741773563859453	0.0699535363964894	0.0684410646387833	0.0837155963302752	0.00803908230783501	0.0119994514536478	0.00587186746356297	0.00967620885600944	0.0124249434639079	0.00409057003296518	0.00780063871001518	0.00873067010309278	0.0076927526172711	0.0069759060955519	0.00693495849532416	0.00849701731412775
"24"	"Amino Acids and Derivatives - Lysine, threonine, methionine, and cysteine"	0.1663	-0.0222756343691904	637	913	563	1345	1596	1092	700	1112	721	1284	1042	1323	0.383503913305238	0.311710481392967	0.328088578088578	0.350808555033907	0.370473537604457	0.326555023923445	0.364393545028631	0.367360422860918	0.402119353039598	0.331440371708828	0.360179744210162	0.379300458715596	0.0393915033083916	0.0313014262205156	0.0295166194820174	0.0360512490618634	0.0414857944945543	0.0262758969176352	0.0366472959530915	0.0358247422680412	0.0417028168199433	0.0330518945634267	0.036496094707716	0.0384984722828459
"25"	"Amino Acids and Derivatives - Osmotic stress"	0.9561	0.000307942098212870	11	55	16	51	36	105	18	31	6	129	56	36	0.00662251655629139	0.0187777398429498	0.00932400932400932	0.013302034428795	0.00835654596100279	0.0313995215311005	0.00937011972930765	0.0102411628675256	0.00334634690462911	0.0332989158492514	0.0193570687867266	0.0103211009174312	0.000680230041432193	0.00188562808557323	0.000838838209080424	0.00136699903505950	0.000935769800629045	0.00252652854977261	0.00094235903879378	0.000998711340206185	0.000347041471455839	0.00332063426688633	0.00196140240271794	0.00104757747708424
"26"	"Amino Acids and Derivatives - Proline and 4-hydroxyproline"	0.7763	0.00531479082717179	75	156	164	180	205	151	89	153	81	179	175	185	0.045153521974714	0.0532604984636395	0.0955710955710956	0.0469483568075117	0.047585886722377	0.0451555023923445	0.0463300364393545	0.0505450941526264	0.045175683212493	0.046205472379969	0.0604908399585206	0.0530389908256881	0.00463793210067405	0.00534832693362589	0.00859809164307434	0.00482470247668060	0.00532868914247095	0.00363338867633966	0.00465944191403591	0.00492912371134021	0.00468505986465383	0.00460770181219110	0.00612938250849357	0.00538338425723847
"27"	"Amino Acids and Derivatives - Amino Acids and Derivatives"	1	-8.6043710204784e-05	0	0	0	0	0	0	0	0	0	2	0	0	0	0	0	0	0	0	0	0	0	0.000516262261228704	0	0	0	0	0	0	0	0	0	0	0	5.14827018121911e-05	0	0
"28"	"Carbohydrates - Aminosugars"	0.0306	0.0145256978914305	92	282	30	167	182	287	54	86	62	152	71	97	0.0340488527017024	0.050994575045208	0.00899550224887556	0.0267285531370038	0.0300280481768685	0.0398721867185329	0.0175666883539362	0.0142195767195767	0.0214310404424473	0.0184982353657052	0.0144455747711088	0.0173524150268336	0.00568919671016016	0.00966812945693911	0.00157282164202579	0.00447625174225367	0.00473083621429128	0.0069058447027118	0.00282707711638134	0.00277061855670103	0.00358609520504367	0.00391268533772652	0.00248677804630311	0.00282263931325477
"29"	"Carbohydrates - CO2 fixation"	0.8998	0.00050628492019883	14	5	4	24	5	104	9	34	7	20	34	17	0.00518134715025907	0.000904159132007233	0.00119940029985007	0.00384122919334187	0.000824946378485398	0.0144484579049736	0.00292778139232271	0.00562169312169312	0.00241963359834082	0.00243397833759280	0.0069175991861648	0.00304114490161002	0.000865747325459155	0.000171420735052112	0.000209709552270106	0.000643293663557414	0.000129968027865145	0.00250246637310811	0.00047117951939689	0.00109536082474227	0.000404881716698479	0.000514827018121911	0.00119085145879304	0.00049468936417867
"30"	"Carbohydrates - Carbohydrates"	0.4348	-0.00849235282129146	105	3	62	217	250	116	132	62	164	87	134	298	0.038860103626943	0.00054249547920434	0.0185907046476762	0.0347311139564661	0.0412473189242699	0.0161155876632398	0.0429407937540664	0.0102513227513228	0.0566885585896993	0.0105878057685287	0.0272634791454730	0.053309481216458	0.00649310494094366	0.000102852441031267	0.00325049806018664	0.00581644687466495	0.00649840139325726	0.00279121249308212	0.00691063295115439	0.00199742268041237	0.00948580021979293	0.00223949752883031	0.00469335574936079	0.00867161356030845
"31"	"Carbohydrates - Central carbohydrate metabolism"	0.121	0.0300972662909154	672	1721	720	1491	1688	1577	760	1122	620	1813	1124	1314	0.248704663212435	0.311211573236890	0.215892053973014	0.238636363636364	0.278501897376671	0.219088635732148	0.247234873129473	0.185515873015873	0.214310404424473	0.220640136302787	0.228687690742625	0.235062611806798	0.0415558716220395	0.0590030170049369	0.0377477194086191	0.0399646188485043	0.043877206207273	0.0379460525999182	0.0397884927490707	0.0361469072164948	0.0358609520504367	0.0466690691927512	0.0393681482259816	0.0382365779135749
"32"	"Carbohydrates - Clustering-based subsystems"	0.6977	0.00227751137067438	34	37	27	148	23	247	38	104	5	192	55	54	0.0125832716506292	0.00669077757685353	0.008095952023988	0.0236875800256082	0.00379475334103283	0.0343150875243123	0.0123617436564736	0.0171957671957672	0.00172830971310059	0.0233661920408908	0.0111902339776195	0.00966010733452594	0.00210252921897223	0.00126851343938563	0.00141553947782321	0.00396697759193739	0.000597852928179668	0.00594335763613176	0.00198942463745354	0.00335051546391753	0.000289201226213199	0.00494233937397035	0.00192637735981227	0.00157136621562636
"33"	"Carbohydrates - Di- and oligosaccharides"	0.6015	-0.0185384843932323	785	902	1173	1642	1892	1348	790	2183	888	1815	1331	1466	0.290525536639526	0.163110307414105	0.351724137931034	0.262804097311140	0.312159709618875	0.187274242845235	0.256994144437215	0.360945767195767	0.306947805046664	0.220883534136546	0.270803662258393	0.262254025044723	0.0485436893203883	0.030924300603401	0.0614973262032086	0.0440120081483864	0.0491799017441709	0.0324358141437474	0.0413590911470604	0.0703286082474227	0.0513621377754642	0.0467205518945634	0.0466183321074568	0.0426596828168194
"34"	"Carbohydrates - Fermentation"	0.4391	-0.0121964092687150	337	324	205	681	734	469	326	581	351	617	452	686	0.124722427831236	0.0585895117540687	0.0614692653673163	0.108994878361076	0.121102128361656	0.0651569880522367	0.106050748210800	0.0960648148148148	0.121327341859661	0.0750882317147377	0.0919633774160732	0.122719141323792	0.0208397749056954	0.0111080636313769	0.0107476145538429	0.0182534577034416	0.0190793064906033	0.011285160855651	0.0170671692581540	0.0187177835051546	0.0203019260801666	0.0158824135090610	0.0158313193933663	0.0199621708133275
"35"	"Carbohydrates - Monosaccharides"	0.432	-0.0239740467095856	330	1567	633	1046	676	1744	667	942	589	2000	1145	1161	0.122131754256107	0.283363471971067	0.189805097451274	0.167413572343150	0.111532750371226	0.242289524868019	0.216981132075472	0.155753968253968	0.203594884203249	0.243397833759280	0.232960325534079	0.207692307692308	0.0204069012429658	0.0537232583653319	0.0331865366467443	0.0280368821700440	0.0175716773673676	0.0419644361028899	0.0349196377153029	0.0303479381443299	0.0340679044479149	0.0514827018121911	0.0401036741270008	0.0337843736359668
"36"	"Carbohydrates - One-carbon Metabolism"	0.6605	0.00512969783477705	87	95	209	247	55	339	54	358	32	412	117	85	0.0321983715766099	0.0171790235081374	0.0626686656671664	0.0395326504481434	0.00907441016333938	0.0470964156710197	0.0175666883539362	0.0591931216931217	0.0110611821638438	0.0501399537544116	0.0238046795523906	0.0152057245080501	0.00538000123678189	0.00325699396599013	0.0109573241061130	0.00662056395411172	0.00142964830651660	0.00815707788926586	0.00282707711638134	0.0115335051546392	0.00185088784776447	0.0106054365733114	0.00409793001996427	0.00247344682089335
"37"	"Carbohydrates - Organic acids"	0.7363	0.00383843214154043	60	307	74	206	185	429	101	168	64	513	162	122	0.0222057735011103	0.0555153707052441	0.0221889055472264	0.0329705505761844	0.0305230160039597	0.0595998888580161	0.0328562134027326	0.0277777777777778	0.0221223643276875	0.0624315443592552	0.0329603255340793	0.021824686940966	0.00371034568053924	0.0105252331321997	0.00387962671699696	0.00552160394553447	0.00480881703101037	0.0103226737890710	0.00528768127323177	0.00541237113402062	0.00370177569552895	0.0132053130148270	0.00567405695071976	0.00355012367234104
"38"	"Carbohydrates - Quorum sensing and biofilm formation"	0.3172	0.00232831948231230	9	16	22	69	1	78	24	3	8	54	16	0	0.00333086602516654	0.00289330922242315	0.00659670164917541	0.0110435339308579	0.000164989275697080	0.0108363434287302	0.00780741704619388	0.000496031746031746	0.00276529554096094	0.00657174151150055	0.00325534079348932	0	0.000556551852080886	0.000548546352166758	0.00115340253748558	0.00184946928272757	2.59936055730290e-05	0.00187684977983108	0.00125647871839171	9.66494845360825e-05	0.000462721961941119	0.00139003294892916	0.000560400686490841	0
"39"	"Carbohydrates - Sugar alcohols"	0.2036	0.00670334153914274	167	245	169	280	367	399	107	349	102	433	245	263	0.0618060695780903	0.0443037974683544	0.0506746626686657	0.0448143405889885	0.0605510641808282	0.0554320644623507	0.0348080676642811	0.0577050264550265	0.035257518147252	0.052695631008884	0.0498474059003052	0.0470483005366726	0.0103271288108342	0.00839961601755348	0.00886022858341197	0.00750509274150316	0.00953965324530166	0.00960080848913593	0.0056018009528297	0.0112435567010309	0.00589970501474926	0.0111460049423394	0.008581135511891	0.00765313545758766
"40"	"Carbohydrates - Uptake system"	0.3156	-0.00220525827816735	10	26	7	30	3	61	12	56	1	109	29	27	0.00370096225018505	0.00470162748643761	0.00209895052473763	0.00480153649167734	0.000494967827091239	0.00847457627118644	0.00390370852309694	0.00925925925925926	0.000345661942620118	0.0132651819398807	0.00590030518819939	0.00483005366726297	0.00061839094675654	0.000891387822270982	0.000366991716472685	0.000804117079446767	7.79808167190871e-05	0.00146779277653457	0.000628239359195854	0.00180412371134021	5.78402452426398e-05	0.00280580724876442	0.00101572624426465	0.000785683107813182
"41"	"Secondary Metabolism - Aromatic amino acids and derivatives"	1	0	4	12	11	90	2	22	18	9	5	94	29	47	1	1	1	1	1	1	1	1	1	1	1	1	0.000247356378702616	0.000411409764125069	0.000576701268742791	0.00241235123834030	5.19872111460581e-05	0.000529367886619024	0.00094235903879378	0.000289948453608247	0.000289201226213199	0.00241968698517298	0.00101572624426465	0.00136767059508221
"42"	"Clustering-based subsystems - Biosynthesis of galactoglycans and related lipopolysacharides"	0.1092	0.0131648987740212	61	81	155	99	209	67	69	59	65	31	60	125	0.032620320855615	0.0254317111459969	0.0615079365079365	0.0227638537594849	0.0426966292134831	0.0164135227829495	0.0279918864097363	0.0153047989623865	0.0262308313155771	0.0081621906266456	0.0166712975826619	0.0280835767243316	0.00377218477521489	0.00277701590784421	0.0081262451504666	0.00265358636217433	0.00543266356476307	0.00161216583652157	0.00361237631537616	0.00190077319587629	0.00375961594077159	0.000797981878088962	0.00210150257434065	0.0036374217954314
"43"	"Clustering-based subsystems - CRISPRs and associated hypotheticals"	0.0961	0.00509169063162404	1	26	34	52	0	21	14	1	1	7	2	0	0.00053475935828877	0.00816326530612245	0.0134920634920635	0.0119567716716487	0	0.00514453699167075	0.00567951318458418	0.000259403372243839	0.000403551251008878	0.00184307530279094	0.000555709919422062	0	6.1839094675654e-05	0.000891387822270982	0.0017825311942959	0.00139380293770773	0	0.000505305709954523	0.00073294591906183	3.22164948453608e-05	5.78402452426398e-05	0.000180189456342669	7.00500858113551e-05	0
"44"	"Clustering-based subsystems - Cell Division"	0.3091	-0.00930018228916927	139	160	153	271	355	185	191	216	199	164	338	313	0.074331550802139	0.0502354788069074	0.0607142857142857	0.0623131754426305	0.0725229826353422	0.0453209211170995	0.0774847870182556	0.0560311284046693	0.0803066989507668	0.0431806213796735	0.0939149763823284	0.0703212761177264	0.0085956341599159	0.00548546352166758	0.00802139037433155	0.00726385761766913	0.0092277299784253	0.0044515026829327	0.00999947646720067	0.00695876288659794	0.0115102088032853	0.00422158154859967	0.0118384645021190	0.00910810417576022
"45"	"Clustering-based subsystems - Cluster of Unknown Function"	0.7374	0.00134587687342788	18	16	7	69	12	93	16	49	5	72	20	21	0.00962566844919786	0.00502354788069074	0.00277777777777778	0.0158657162566107	0.00245148110316650	0.0227829495345419	0.00649087221095335	0.0127107652399481	0.00201775625504439	0.018957345971564	0.00555709919422062	0.00471804088968771	0.00111310370416177	0.000548546352166758	0.000366991716472685	0.00184946928272757	0.000311923266876348	0.0022377824297986	0.000837652478927805	0.00157860824742268	0.000289201226213199	0.00185337726523888	0.000700500858113551	0.000611086861632475
"46"	"Clustering-based subsystems - Clustering-based subsystems"	0.154	-0.0279336879143754	845	1442	888	1992	2253	1951	1134	1945	1140	1740	1700	2073	0.451871657754011	0.452747252747253	0.352380952380952	0.458036330190848	0.46026557711951	0.477951984321411	0.460040567951318	0.504539559014267	0.460048426150121	0.458135860979463	0.472353431508752	0.465738036396315	0.0522540350009276	0.0494377399890291	0.0465555206039635	0.0533933740752654	0.0585635933560344	0.0469453066724416	0.0593686194440082	0.0626610824742268	0.0659378795766094	0.0447899505766063	0.0595425729396519	0.0603230030554343
"47"	"Clustering-based subsystems - Cytochrome biogenesis"	0.0867	0.0102517647931208	102	162	99	230	292	110	72	126	103	166	127	179	0.0545454545454545	0.0508634222919937	0.0392857142857143	0.0528857208553691	0.0596527068437181	0.0269475747182754	0.0292089249492901	0.0326848249027237	0.0415657788539144	0.0437072143233281	0.0352875798833009	0.0402156818692429	0.0063075876569167	0.00555403181568843	0.00519031141868512	0.00616489760909188	0.00759013282732448	0.00264683943309512	0.00376943615517512	0.00405927835051546	0.0059575452599919	0.00427306425041186	0.00444818044902105	0.00520878801105776
"48"	"Clustering-based subsystems - D-tyrosyl-tRNA(Tyr) deacylase (EC 3.1.-.-) cluster"	0.5112	0.00100794878788676	6	9	3	13	4	34	6	11	1	19	7	3	0.00320855614973262	0.00282574568288854	0.00119047619047619	0.00298919291791216	0.000817160367722165	0.00832925036746693	0.00243407707910751	0.00285343709468223	0.000403551251008878	0.00500263296471827	0.00194498471797722	0.000674005841383959	0.000371034568053924	0.000308557323093801	0.000157282164202579	0.000348450734426933	0.000103974422292116	0.000818114006593036	0.000314119679597927	0.000354381443298969	5.78402452426398e-05	0.000489085667215815	0.000245175300339743	8.72981230903536e-05
"49"	"Clustering-based subsystems - DNA polymerase III epsilon cluster"	0.9624	4.56312775151597e-05	2	3	3	19	7	34	4	7	1	32	14	4	0.00106951871657754	0.000941915227629513	0.00119047619047619	0.00436882041848701	0.00143003064351379	0.00832925036746693	0.00162271805273834	0.00181582360570687	0.000403551251008878	0.00842548709847288	0.00388996943595443	0.000898674455178612	0.000123678189351308	0.000102852441031267	0.000157282164202579	0.000509274150316286	0.000181955239011203	0.000818114006593036	0.000209413119731951	0.000225515463917526	5.78402452426398e-05	0.000823723228995058	0.000490350600679486	0.000116397497453805
"50"	"Clustering-based subsystems - Fatty acid metabolic cluster"	0.4291	0.00713212484944339	15	165	132	31	81	50	30	114	36	95	51	44	0.00802139037433155	0.0518053375196232	0.0523809523809524	0.0071280754196367	0.0165474974463739	0.0122488975992161	0.0121703853955375	0.0295719844357977	0.0145278450363196	0.0250131648235914	0.0141706029452626	0.00988541900696473	0.00092758642013481	0.0056568842567197	0.0069204152249135	0.000830920982094993	0.00210548205141535	0.00120310883322505	0.00157059839798963	0.00367268041237113	0.00208224882873503	0.00244542833607908	0.00178627718818956	0.00128037247199185
"51"	"Clustering-based subsystems - Flagella protein?"	0.7968	0.000618577608354772	1	0	2	4	1	25	1	8	1	2	2	4	0.00053475935828877	0	0.000793650793650794	0.000919751667049897	0.000204290091930541	0.00612444879960804	0.000405679513184584	0.00207522697795071	0.000403551251008878	0.000526592943654555	0.000555709919422062	0.000898674455178612	6.1839094675654e-05	0	0.000104854776135053	0.000107215610592902	2.59936055730290e-05	0.000601554416612527	5.23532799329878e-05	0.000257731958762887	5.78402452426398e-05	5.14827018121911e-05	7.00500858113551e-05	0.000116397497453805
"52"	"Clustering-based subsystems - Hypothetical associated with RecF"	0.7208	0.000313281468639443	1	2	9	11	2	18	3	6	0	14	7	8	0.00053475935828877	0.000627943485086342	0.00357142857142857	0.00252931708438722	0.000408580183861083	0.00440960313571779	0.00121703853955375	0.00155642023346304	0	0.00368615060558189	0.00194498471797722	0.00179734891035722	6.1839094675654e-05	6.85682940208448e-05	0.000471846492607738	0.000294842929130481	5.19872111460581e-05	0.000433119179961019	0.000157059839798963	0.000193298969072165	0	0.000360378912685338	0.000245175300339743	0.000232794994907609
"53"	"Clustering-based subsystems - Hypothetical in Lysine biosynthetic cluster"	0.3199	-0.00272910930588742	13	10	23	34	20	33	18	57	11	66	21	26	0.00695187165775401	0.00313971742543171	0.00912698412698413	0.00781788916992412	0.00408580183861083	0.0080842724154826	0.00730223123732252	0.0147859922178988	0.00443906376109766	0.0173775671406003	0.00583495415393165	0.00584138395866097	0.000803908230783501	0.000342841470104224	0.00120582992555311	0.00091133269003967	0.000519872111460581	0.000794051829928535	0.00094235903879378	0.00183634020618557	0.000636242697669038	0.00169892915980231	0.000735525901019229	0.000756583733449731
"54"	"Clustering-based subsystems - Hypothetical lipase related to Phosphatidate metabolism"	0.2906	0.00342219338592856	32	64	13	69	75	75	50	46	27	14	40	60	0.0171122994652406	0.0200941915227630	0.00515873015873016	0.0158657162566107	0.0153217568947906	0.0183733463988241	0.0202839756592292	0.0119325551232166	0.0108958837772397	0.00368615060558189	0.0111141983884412	0.0134801168276792	0.00197885102962093	0.00219418540866703	0.000681556044877844	0.00184946928272757	0.00194952041797718	0.00180466324983758	0.00261766399664939	0.00148195876288660	0.00156168662155128	0.000360378912685338	0.00140100171622710	0.00174596246180707
"55"	"Clustering-based subsystems - Hypothetical protein possible functionally linked with Alanyl-tRNA synthetase"	0.3758	-0.0037779463280775	39	5	36	105	100	55	44	79	54	66	45	122	0.0208556149732620	0.00156985871271586	0.0142857142857143	0.0241434812600598	0.0204290091930541	0.0134737873591377	0.0178498985801217	0.0204928664072633	0.0217917675544794	0.0173775671406003	0.0125034731869964	0.0274095708829477	0.00241172469235050	0.000171420735052112	0.00188738597043095	0.00281440977806369	0.00259936055730290	0.00132341971654756	0.00230354431705146	0.00254510309278351	0.00312337324310255	0.00169892915980231	0.00157612693075549	0.00355012367234104
"56"	"Clustering-based subsystems - Isoprenoid/cell wall biosynthesis: PREDICTED UNDECAPRENYL DIPHOSPHATE PHOSPHATASE"	0.1009	0.0096167532058092	63	188	132	161	193	111	70	156	89	112	100	129	0.0336898395721925	0.0590266875981162	0.0523809523809524	0.0370200045987583	0.0394279877425945	0.0271925526702597	0.0283975659229209	0.0404669260700389	0.0359160613397902	0.0294892048446551	0.0277854959711031	0.0289822511795102	0.0038958629645662	0.0064454196379594	0.0069204152249135	0.00431542832636432	0.0050167658755946	0.00267090160975962	0.00366472959530915	0.00502577319587629	0.00514778182659494	0.0028830313014827	0.00350250429056776	0.0037538192928852
"57"	"Clustering-based subsystems - Lipoprotein B cluster"	0.0756	0.00199511930904065	6	12	10	11	6	27	2	10	1	17	3	1	0.00320855614973262	0.00376766091051805	0.00396825396825397	0.00252931708438722	0.00122574055158325	0.00661440470357668	0.000811359026369168	0.00259403372243839	0.000403551251008878	0.00447604002106372	0.000833564879133093	0.000224668613794653	0.000371034568053924	0.000411409764125069	0.000524273880675265	0.000294842929130481	0.000155961633438174	0.000649678769941529	0.000104706559865976	0.000322164948453608	5.78402452426398e-05	0.000437602965403624	0.000105075128717033	2.90993743634512e-05
"58"	"Clustering-based subsystems - Lysine Biosynthesis"	0.7032	0.000361203288728393	4	3	0	12	0	17	1	4	0	16	3	6	0.00213903743315508	0.000941915227629513	0	0.00275925500114969	0	0.00416462518373346	0.000405679513184584	0.00103761348897536	0	0.00421274354923644	0.000833564879133093	0.00134801168276792	0.000247356378702616	0.000102852441031267	0	0.000321646831778707	0	0.000409057003296518	5.23532799329878e-05	0.000128865979381443	0	0.000411861614497529	0.000105075128717033	0.000174596246180707
"59"	"Clustering-based subsystems - Lysine, threonine, methionine, and cysteine"	0.5771	0.00117765211823838	3	38	15	13	7	22	11	24	1	30	6	7	0.00160427807486631	0.0119309262166405	0.00595238095238095	0.00298919291791216	0.00143003064351379	0.00538951494365507	0.00446247464503043	0.00622568093385214	0.000403551251008878	0.00789889415481832	0.00166712975826619	0.00157268029656257	0.000185517284026962	0.00130279758639605	0.000786410821012897	0.000348450734426933	0.000181955239011203	0.000529367886619024	0.000575886079262866	0.00077319587628866	5.78402452426398e-05	0.000772240527182867	0.000210150257434065	0.000203695620544158
"60"	"Clustering-based subsystems - Pigment biosynthesis"	0.164	0.00323538985420146	5	0	6	20	4	65	6	4	0	7	6	0	0.00267379679144385	0	0.00238095238095238	0.00459875833524948	0.000817160367722165	0.0159235668789809	0.00243407707910751	0.00103761348897536	0	0.00184307530279094	0.00166712975826619	0	0.00030919547337827	0	0.000314564328405159	0.000536078052964512	0.000103974422292116	0.00156404148319257	0.000314119679597927	0.000128865979381443	0	0.000180189456342669	0.000210150257434065	0
"61"	"Clustering-based subsystems - PmbA Related Hypothetical"	0.9947	2.47303228271814e-05	2	11	2	23	9	66	6	19	0	49	19	13	0.00106951871657754	0.00345368916797488	0.000793650793650794	0.00528857208553690	0.00183861082737487	0.0161685448309652	0.00243407707910751	0.00492866407263294	0	0.0129015271195366	0.00527924423450959	0.00292069197933049	0.000123678189351308	0.000377125617114646	0.000104854776135053	0.000616489760909188	0.000233942450157261	0.00158810365985707	0.000314119679597927	0.000612113402061856	0	0.00126132619439868	0.000665475815207874	0.000378291866724865
"62"	"Clustering-based subsystems - Probably GTP or GMP signaling related"	0.2433	0.00579692770511101	37	144	90	109	102	91	43	111	57	80	72	106	0.0197860962566845	0.0452119309262166	0.0357142857142857	0.0250632329271097	0.0208375893769152	0.0222929936305732	0.0174442190669371	0.0287937743190661	0.0230024213075061	0.0210637177461822	0.0200055570991942	0.0238148730622332	0.00228804650299920	0.00493691716950082	0.00471846492607738	0.00292162538865659	0.00265134776844896	0.00218965807646960	0.00225119103711848	0.00357603092783505	0.00329689397883047	0.00205930807248764	0.00252180308920878	0.00308453368252583
"63"	"Clustering-based subsystems - Probably Pyrimidine biosynthesis-related"	0.2218	-0.00134851276577716	14	26	13	35	50	19	17	43	20	32	29	41	0.00748663101604278	0.00816326530612245	0.00515873015873016	0.0080478270866866	0.0102145045965271	0.00465458108770211	0.00689655172413793	0.0111543450064851	0.00807102502017756	0.00842548709847288	0.0080577938316199	0.00921141316558077	0.000865747325459155	0.000891387822270982	0.000681556044877844	0.000938136592687895	0.00129968027865145	0.00045718135662552	0.000890005758860793	0.00138530927835052	0.00115680490485280	0.000823723228995058	0.00101572624426465	0.00119307434890150
"64"	"Clustering-based subsystems - Probably Ybbk-related hypothetical membrane proteins"	0.5316	0.00178789443048176	31	1	11	40	37	18	17	9	15	22	18	25	0.0165775401069519	0.000313971742543171	0.00436507936507937	0.00919751667049896	0.00755873340143003	0.00440960313571779	0.00689655172413793	0.00233463035019455	0.00605326876513317	0.0057925223802001	0.00500138927479855	0.00561671534486632	0.00191701193494527	3.42841470104224e-05	0.000576701268742791	0.00107215610592902	0.000961763406202074	0.000433119179961019	0.000890005758860793	0.000289948453608247	0.000867603678639597	0.000566309719934102	0.000630450772302196	0.00072748435908628
"65"	"Clustering-based subsystems - Probably organic hydroperoxide resistance related hypothetical protein"	0.4457	-0.00224372050504742	24	2	7	25	79	22	31	25	38	22	20	50	0.0128342245989305	0.000627943485086342	0.00277777777777778	0.00574844791906185	0.0161389172625128	0.00538951494365507	0.0125760649087221	0.00648508430609598	0.0153349475383374	0.0057925223802001	0.00555709919422062	0.0112334306897326	0.00148413827221569	6.85682940208448e-05	0.000366991716472685	0.00067009756620564	0.00205349484026929	0.000529367886619024	0.00162295167792262	0.00080541237113402	0.00219792931922031	0.000566309719934102	0.000700500858113551	0.00145496871817256
"66"	"Clustering-based subsystems - Protein export?"	0.506	-0.00244314890187177	101	127	138	196	258	151	131	182	130	163	188	223	0.0540106951871658	0.0398744113029827	0.0547619047619048	0.0450678316854449	0.0527068437180797	0.0369916707496325	0.0531440162271805	0.0472114137483787	0.0524616626311542	0.0429173249078462	0.0522367324256738	0.0501011008762076	0.00624574856224105	0.00435408667032364	0.00723497955331865	0.00525356491905221	0.00670635023784149	0.00363338867633966	0.0068582796712214	0.00586340206185567	0.00751923188154318	0.00419584019769358	0.00658470806626738	0.00648916048304961
"67"	"Clustering-based subsystems - Putative GGDEF domain protein related to agglutinin secretion"	0.273	0.00768242942394726	5	13	106	4	34	1	0	1	0	37	3	0	0.00267379679144385	0.00408163265306122	0.0420634920634921	0.000919751667049897	0.00694586312563841	0.000244977951984321	0	0.000259403372243839	0	0.00974196945760927	0.000833564879133093	0	0.00030919547337827	0.000445693911135491	0.0055573031351578	0.000107215610592902	0.000883782589482987	2.40621766645011e-05	0	3.22164948453608e-05	0	0.000952429983525535	0.000105075128717033	0
"68"	"Clustering-based subsystems - Putative asociate of RNA polymerase sigma-54 factor rpoN"	0.0023	0.00517684153115066	11	55	31	25	34	22	10	15	7	12	17	17	0.00588235294117647	0.0172684458398744	0.0123015873015873	0.00574844791906185	0.00694586312563841	0.00538951494365507	0.00405679513184584	0.00389105058365759	0.00282485875706215	0.00315955766192733	0.00472353431508752	0.0038193664345091	0.000680230041432193	0.00188562808557323	0.00162524903009332	0.00067009756620564	0.000883782589482987	0.000529367886619024	0.000523532799329878	0.000483247422680412	0.000404881716698479	0.000308896210873147	0.000595425729396518	0.00049468936417867
"69"	"Clustering-based subsystems - Putrescine/GABA utilization cluster-temporal,to add to SSs"	0.8738	-0.000567817183576617	1	17	14	45	9	13	16	2	4	68	10	4	0.00053475935828877	0.00533751962323391	0.00555555555555556	0.0103472062543113	0.00183861082737487	0.00318471337579618	0.00649087221095335	0.000518806744487678	0.00161420500403551	0.0179041600842549	0.00277854959711031	0.000898674455178612	6.1839094675654e-05	0.000582830499177180	0.00073398343294537	0.00120617561917015	0.000233942450157261	0.000312808296638514	0.000837652478927805	6.44329896907217e-05	0.000231360980970559	0.00175041186161450	0.000350250429056776	0.000116397497453805
"70"	"Clustering-based subsystems - Recombination related cluster"	0.3796	-0.00678815974174797	61	115	120	103	150	91	148	93	139	98	148	118	0.032620320855615	0.0361067503924647	0.0476190476190476	0.0236836054265348	0.0306435137895812	0.0222929936305732	0.0600405679513185	0.0241245136186770	0.0560936238902341	0.0258030542390732	0.0411225340372326	0.0265108964277690	0.00377218477521489	0.00394267690619857	0.00629128656810318	0.00276080197276724	0.00389904083595436	0.00218965807646960	0.0077482854300822	0.00299613402061856	0.00803979408872694	0.00252265238879736	0.00518370635004028	0.00343372617488724
"71"	"Clustering-based subsystems - Related to N-acetylglucosamine utilization subsystem?"	0.0855	0.00482250594123199	26	46	53	34	46	34	25	13	16	16	34	55	0.0139037433155080	0.0144427001569859	0.0210317460317460	0.00781788916992412	0.0093973442288049	0.00832925036746693	0.0101419878296146	0.00337224383916991	0.00645682001614205	0.00421274354923644	0.00944706863017505	0.0123567737587059	0.00160781646156700	0.00157707076247943	0.0027786515675789	0.00091133269003967	0.00119570585635934	0.000818114006593036	0.00130883199832470	0.000418814432989691	0.000925443923882237	0.000411861614497529	0.00119085145879304	0.00160046558998982
"72"	"Clustering-based subsystems - Ribosomal Protein L28P relates to a set of uncharacterized proteins"	0.2745	-0.00187848946989852	2	0	1	8	0	1	10	1	4	0	32	0	0.00106951871657754	0	0.000396825396825397	0.00183950333409979	0	0.000244977951984321	0.00405679513184584	0.000259403372243839	0.00161420500403551	0	0.00889135871075299	0	0.000123678189351308	0	5.24273880675265e-05	0.000214431221185805	0	2.40621766645011e-05	0.000523532799329878	3.22164948453608e-05	0.000231360980970559	0	0.00112080137298168	0
"73"	"Clustering-based subsystems - Ribosome-related cluster"	0.1563	-0.00826431068346851	64	54	91	164	119	123	59	127	104	176	119	226	0.0342245989304813	0.0169544740973312	0.0361111111111111	0.0377098183490458	0.0243105209397344	0.0301322880940715	0.0239350912778905	0.0329442282749676	0.0419693301049233	0.0463401790416008	0.0330647402056127	0.0507751067175915	0.00395770205924185	0.00185134393856281	0.00477089231414491	0.00439584003430900	0.00309323906319046	0.00295964772973363	0.00308884351604628	0.00409149484536082	0.00601538550523454	0.00453047775947282	0.00416798010577563	0.00657645860613997
"74"	"Clustering-based subsystems - TldD cluster"	0.9547	-0.000305945232089357	7	16	6	50	7	101	16	62	8	55	26	14	0.00374331550802139	0.00502354788069074	0.00238095238095238	0.0114968958381237	0.00143003064351379	0.0247427731504165	0.00649087221095335	0.0160830090791180	0.00322841000807102	0.0144813059505003	0.0072242289524868	0.00314536059312514	0.000432873662729578	0.000548546352166758	0.000314564328405159	0.00134019513241128	0.000181955239011203	0.00243027984311461	0.000837652478927805	0.00199742268041237	0.000462721961941119	0.00141577429983526	0.000910651115547617	0.000407391241088317
"75"	"Clustering-based subsystems - Translation"	0.7565	0.00161824487963311	45	131	63	126	145	202	58	109	55	176	138	133	0.0240641711229947	0.0411302982731554	0.025	0.0289721775120717	0.0296220633299285	0.0494855463008329	0.0235294117647059	0.0282749675745785	0.0221953188054883	0.0463401790416008	0.0383439844401223	0.0298809256346888	0.00278275926040443	0.00449122325836533	0.00330292544825417	0.00337729173367642	0.00376907280808921	0.00486055968622922	0.00303649023611329	0.00351159793814433	0.00318121348834519	0.00453047775947282	0.0048334559209835	0.00387021679033901
"76"	"Clustering-based subsystems - Tricarboxylate transporter"	0.6429	0.00226542701872912	17	2	4	13	9	86	3	17	2	47	10	9	0.00909090909090909	0.000627943485086342	0.00158730158730159	0.00298919291791216	0.00183861082737487	0.0210681038706516	0.00121703853955375	0.00440985732814527	0.000807102502017756	0.0123749341758820	0.00277854959711031	0.00202201752415188	0.00105126460948612	6.85682940208448e-05	0.000209709552270106	0.000348450734426933	0.000233942450157261	0.00206934719314709	0.000157059839798963	0.000547680412371134	0.000115680490485280	0.00120984349258649	0.000350250429056776	0.000261894369271061
"77"	"Clustering-based subsystems - proteosome related"	0.0661	-0.00986830467238335	33	0	10	34	85	10	47	60	68	20	55	115	0.0176470588235294	0	0.00396825396825397	0.00781788916992412	0.017364657814096	0.00244977951984321	0.0190669371196755	0.0155642023346304	0.0274414850686037	0.00526592943654555	0.0152820227841067	0.0258368905863851	0.00204069012429658	0	0.000524273880675265	0.00091133269003967	0.00220945647370747	0.000240621766645011	0.00246060415685043	0.00193298969072165	0.00393313667649951	0.000514827018121911	0.00192637735981227	0.00334642805179689
"78"	"Clustering-based subsystems - recX  and regulatory cluster"	0.7366	-0.000416868068936786	17	26	16	25	22	13	21	22	19	14	30	25	0.00909090909090909	0.00816326530612245	0.00634920634920635	0.00574844791906185	0.00449438202247191	0.00318471337579618	0.00851926977687627	0.00570687418936446	0.00766747376916868	0.00368615060558189	0.00833564879133093	0.00561671534486632	0.00105126460948612	0.000891387822270982	0.000838838209080424	0.00067009756620564	0.000571859322606639	0.000312808296638514	0.00109941887859274	0.000708762886597938	0.00109896465961016	0.000360378912685338	0.00105075128717033	0.00072748435908628
"79"	"Clustering-based subsystems - tRNA sulfuration"	0.0689	-0.00887128744545553	16	9	16	44	70	23	47	18	53	24	66	139	0.00855614973262032	0.00282574568288854	0.00634920634920635	0.0101172683375489	0.0143003064351379	0.00563449289563939	0.0190669371196755	0.00466926070038910	0.0213882163034705	0.00631911532385466	0.0183384273409280	0.0312289373174568	0.000989425514810463	0.000308557323093801	0.000838838209080424	0.00117937171652193	0.00181955239011203	0.000553430063283525	0.00246060415685043	0.000579896907216495	0.00306553299785991	0.000617792421746293	0.00231165283177472	0.00404481303651971
"80"	"Clustering-based subsystems - Siderophore biosynthesis"	0.2612	-0.00103501044352795	0	1	0	1	2	0	0	0	0	14	2	13	0	0.000313971742543171	0	0.000229937916762474	0.000408580183861083	0	0	0	0	0.00368615060558189	0.000555709919422062	0.00292069197933049	0	3.42841470104224e-05	0	2.68039026482256e-05	5.19872111460581e-05	0	0	0	0	0.000360378912685338	7.00500858113551e-05	0.000378291866724865
"81"	"Clustering-based subsystems - Urate degradation"	0.3554	0.000253686577996662	0	3	3	1	0	2	2	2	0	0	0	0	0	0.000941915227629513	0.00119047619047619	0.000229937916762474	0	0.000489955903968643	0.000811359026369168	0.000518806744487678	0	0	0	0	0	0.000102852441031267	0.000157282164202579	2.68039026482256e-05	0	4.81243533290021e-05	0.000104706559865976	6.44329896907217e-05	0	0	0	0
"82"	"Clustering-based subsystems - Molybdopterin oxidoreductase"	0.4443	0.000445656789069068	0	0	5	3	0	0	0	0	0	0	0	0	0	0	0.00198412698412698	0.000689813750287422	0	0	0	0	0	0	0	0	0	0	0.000262136940337632	8.04117079446767e-05	0	0	0	0	0	0	0	0
"83"	"Clustering-based subsystems - Related to Menaquinone-cytochrome C reductase  "	1	-0.000100604493728436	0	0	0	1	0	0	0	0	0	0	3	0	0	0	0	0.000229937916762474	0	0	0	0	0	0	0.000833564879133093	0	0	0	0	2.68039026482256e-05	0	0	0	0	0	0	0.000105075128717033	0
"84"	"Clustering-based subsystems - Type III secretion system, extended"	1	3.19485521270322e-05	0	0	0	24	1	0	12	1	1	0	0	0	0	0	0	0.00551851000229938	0.000204290091930541	0	0.00486815415821501	0.000259403372243839	0.000403551251008878	0	0	0	0	0	0	0.000643293663557414	2.59936055730290e-05	0	0.000628239359195854	3.22164948453608e-05	5.78402452426398e-05	0	0	0
"85"	"Clustering-based subsystems - Two related proteases"	0.5759	-0.000275695203647546	0	0	0	0	6	0	1	0	2	0	6	0	0	0	0	0	0.00122574055158325	0	0.000405679513184584	0	0.000807102502017756	0	0.00166712975826619	0	0	0	0	0	0.000155961633438174	0	5.23532799329878e-05	0	0.000115680490485280	0	0.000210150257434065	0
"86"	"Clustering-based subsystems - Nucleotidyl-phosphate metabolic cluster"	0.0581	-0.000405950513704755	0	0	0	0	0	0	3	1	1	0	2	0	0	0	0	0	0	0	0.00121703853955375	0.000259403372243839	0.000403551251008878	0	0.000555709919422062	0	0	0	0	0	0	0	0.000157059839798963	3.22164948453608e-05	5.78402452426398e-05	0	7.00500858113551e-05	0
"87"	"Clustering-based subsystems - Chemotaxis, response regulators"	1	-0.000131648235913639	0	0	0	0	0	0	0	0	0	3	0	0	0	0	0	0	0	0	0	0	0	0.000789889415481833	0	0	0	0	0	0	0	0	0	0	0	7.72240527182866e-05	0	0
"88"	"Cofactors, Vitamins, Prosthetic Groups, Pigments - Biotin"	0.7965	0.00139318952549472	28	39	13	69	68	77	40	47	27	37	41	63	0.0364109232769831	0.0253082414016872	0.0150289017341040	0.0444587628865979	0.0291095890410959	0.0479153702551338	0.0441014332965821	0.0302835051546392	0.0303370786516854	0.0222222222222222	0.0279672578444748	0.03496115427303	0.00173149465091831	0.00133708173340647	0.000681556044877844	0.00184946928272757	0.00176756517896597	0.00185278760316658	0.00209413119731951	0.00151417525773196	0.00156168662155128	0.000952429983525535	0.00143602675913278	0.00183326058489742
"89"	"Cofactors, Vitamins, Prosthetic Groups, Pigments - Coenzyme A"	0.518	-0.00571248354812293	77	138	55	152	206	164	96	173	62	162	157	152	0.100130039011704	0.0895522388059701	0.0635838150289017	0.097938144329897	0.0881849315068493	0.102053515868077	0.105843439911797	0.111469072164948	0.0696629213483146	0.0972972972972973	0.107094133697135	0.0843507214206437	0.00476161029002535	0.00473121228743829	0.00288350634371396	0.00407419320253029	0.00535468274804398	0.00394619697297818	0.00502591487356683	0.00557345360824742	0.00358609520504367	0.00417009884678748	0.00549893173619138	0.00442310490324458
"90"	"Cofactors, Vitamins, Prosthetic Groups, Pigments - Fe-S clusters"	0.2188	-0.0124693903622414	16	47	14	47	104	19	33	22	38	28	75	122	0.0208062418725618	0.0304996755353666	0.0161849710982659	0.0302835051546392	0.0445205479452055	0.0118232731798382	0.0363836824696803	0.0141752577319588	0.0426966292134831	0.0168168168168168	0.0511596180081855	0.0677025527192009	0.000989425514810463	0.00161135490948985	0.00073398343294537	0.00125978342446660	0.00270333497959502	0.00045718135662552	0.00172765823778860	0.000708762886597938	0.00219792931922031	0.000720757825370675	0.00262687821792582	0.00355012367234104
"91"	"Cofactors, Vitamins, Prosthetic Groups, Pigments - Folate and pterines"	0.6291	-0.00926686047084521	162	364	266	357	545	329	241	320	251	340	353	503	0.210663198959688	0.236210253082414	0.307514450867052	0.230025773195876	0.233304794520548	0.204729309271935	0.265711135611907	0.206185567010309	0.282022471910112	0.204204204204204	0.240791268758527	0.279134295227525	0.0100179333374559	0.0124794295117937	0.0139456852259620	0.00956899324541653	0.0141665150373008	0.00791645612262085	0.0126171404638501	0.0103092783505155	0.0145179015559026	0.00875205930807249	0.0123638401457042	0.0146369853048159
"92"	"Cofactors, Vitamins, Prosthetic Groups, Pigments - Isoprenoids"	0.97	0.000389837671111851	71	163	133	110	230	139	86	169	114	78	155	218	0.0923276983094928	0.105775470473718	0.153757225433526	0.0708762886597938	0.098458904109589	0.0864965774735532	0.0948180815876516	0.108891752577320	0.128089887640449	0.0468468468468468	0.105729877216917	0.120976692563818	0.00439057572197143	0.00558831596269885	0.00697284261298102	0.00294842929130481	0.00597852928179668	0.00334464255636565	0.00450238207423695	0.00544458762886598	0.00659378795766094	0.00200782537067545	0.00542888165038002	0.00634366361123236
"93"	"Cofactors, Vitamins, Prosthetic Groups, Pigments - Lipoic acid"	0.12	-0.00645984195356595	8	14	6	6	31	25	10	16	27	29	30	15	0.0104031209362809	0.009085009733939	0.0069364161849711	0.0038659793814433	0.0132705479452055	0.0155569383945240	0.0110253583241455	0.0103092783505155	0.0303370786516854	0.0174174174174174	0.0204638472032742	0.00832408435072142	0.000494712757405232	0.000479978058145913	0.000314564328405159	0.000160823415889353	0.0008058017727639	0.000601554416612527	0.000523532799329878	0.000515463917525773	0.00156168662155128	0.000746499176276771	0.00105075128717033	0.000436490615451768
"94"	"Cofactors, Vitamins, Prosthetic Groups, Pigments - NAD and NADP"	0.4736	-0.0149883649481739	181	229	94	313	351	203	177	257	177	248	287	282	0.235370611183355	0.148604802076574	0.108670520231214	0.201675257731959	0.150256849315068	0.126322339763535	0.195148842337376	0.165592783505155	0.198876404494382	0.148948948948949	0.195770804911323	0.156492785793563	0.0111928761362934	0.00785106966538673	0.00492817447834749	0.0083896215288946	0.00912375555613319	0.00488462186289372	0.00926653054813884	0.00827963917525773	0.0102377234079472	0.0063838550247117	0.0100521873139295	0.00820602357049323
"95"	"Cofactors, Vitamins, Prosthetic Groups, Pigments - Pyridoxine"	0.1764	0.0118683543445166	45	97	37	113	149	112	54	120	47	53	49	80	0.05851755526658	0.062946138870863	0.0427745664739884	0.0728092783505155	0.0637842465753425	0.0696950840074673	0.0595369349503859	0.077319587628866	0.0528089887640449	0.0318318318318318	0.0334242837653479	0.0443951165371809	0.00278275926040443	0.00332556226001097	0.00193981335849848	0.00302884099924949	0.00387304723038133	0.00269496378642412	0.00282707711638134	0.0038659793814433	0.00271849152640407	0.00136429159802306	0.0017162271023782	0.00232794994907609
"96"	"Cofactors, Vitamins, Prosthetic Groups, Pigments - Quinone cofactors"	0.586	0.006131344530111	19	73	73	68	68	81	34	68	17	115	59	60	0.0247074122236671	0.0473718364698248	0.084393063583815	0.0438144329896907	0.0291095890410959	0.0504044803982576	0.0374862183020948	0.0438144329896907	0.0191011235955056	0.069069069069069	0.0402455661664393	0.0332963374028857	0.00117494279883743	0.00250274273176083	0.00382719932892943	0.00182266538007934	0.00176756517896597	0.00194903630982459	0.00178001151772159	0.00219072164948454	0.000983284169124877	0.00296025535420099	0.00206647753143498	0.00174596246180707
"97"	"Cofactors, Vitamins, Prosthetic Groups, Pigments - Riboflavin, FMN, FAD"	0.6298	0.00466406864411199	12	85	23	31	34	45	14	94	2	49	29	8	0.0156046814044213	0.0551589876703439	0.0265895953757225	0.0199742268041237	0.0145547945205479	0.0280024891101431	0.0154355016538037	0.0605670103092784	0.00224719101123596	0.0294294294294294	0.0197817189631651	0.00443951165371809	0.000742069136107847	0.0029141524958859	0.00120582992555311	0.000830920982094993	0.000883782589482987	0.00108279794990255	0.00073294591906183	0.00302835051546392	0.000115680490485280	0.00126132619439868	0.00101572624426465	0.000232794994907609
"98"	"Cofactors, Vitamins, Prosthetic Groups, Pigments - Tetrapyrroles"	0.7091	0.0137161060234952	55	134	66	91	213	252	40	121	12	381	86	65	0.0715214564369311	0.0869565217391304	0.0763005780346821	0.0586340206185567	0.091181506849315	0.156813939016801	0.0441014332965821	0.0779639175257732	0.0134831460674157	0.228828828828829	0.0586630286493861	0.0360710321864595	0.00340115020716097	0.0045940756993966	0.00346020761245675	0.00243915514098853	0.00553663798705518	0.00606366851945427	0.00209413119731951	0.00389819587628866	0.000694082942911678	0.0098074546952224	0.00301215368988827	0.00189145933362433
"99"	"Cofactors, Vitamins, Prosthetic Groups, Pigments - Thiamine and thiamine pyrophosphate"	0.3165	0.0107340405441080	95	158	85	195	337	161	82	145	116	145	145	234	0.123537061118335	0.102530824140169	0.0982658959537572	0.125644329896907	0.144263698630137	0.100186683260734	0.0904079382579934	0.0934278350515464	0.130337078651685	0.087087087087087	0.0989085948158254	0.129855715871254	0.00587471399418713	0.00541689522764674	0.00445632798573975	0.00522676101640399	0.00875984507811078	0.00387401044298467	0.004292968954505	0.00467139175257732	0.00670946844814622	0.00373249588138385	0.00507863122132325	0.00680925360104758
"100"	"Cell Wall and Capsule - Capsular and extracellular polysacchrides"	0.042	0.0538391354733719	237	397	309	507	493	558	188	359	173	393	331	228	0.311023622047244	0.236873508353222	0.290960451977401	0.328793774319066	0.301160659743433	0.294148655772272	0.214857142857143	0.277863777089783	0.222079589216945	0.284576393917451	0.276755852842809	0.163793103448276	0.01465586543813	0.0136108063631377	0.0162000629128657	0.0135895786426504	0.0128148475475033	0.0134266945787916	0.0098424166274017	0.0115657216494845	0.0100063624269767	0.0101163509060956	0.0115932892017793	0.00663465735486687
"101"	"Cell Wall and Capsule - Cell Wall and Capsule"	0.0508	-0.166031273697472	398	528	427	611	908	573	495	650	565	546	649	1053	0.522309711286089	0.315035799522673	0.402071563088512	0.396238651102464	0.554673182651191	0.302055877701634	0.565714285714286	0.503095975232198	0.725288831835687	0.395365677045619	0.542642140468227	0.75646551724138	0.0246119596809103	0.0181020296215030	0.0223864947048338	0.0163771845180658	0.0236021938603104	0.0137876272287591	0.0259148735668290	0.0209407216494845	0.0326797385620915	0.0140547775947282	0.0227312528457847	0.0306416412047141
"102"	"Cell Wall and Capsule - Gram-Negative cell wall components"	0.4349	0.0505452190808515	124	373	190	407	113	745	165	277	33	435	177	109	0.162729658792651	0.222553699284010	0.178907721280603	0.263942931258106	0.0690287110568112	0.392725355824987	0.188571428571429	0.214396284829721	0.0423620025673941	0.314989138305576	0.147993311036789	0.0783045977011494	0.00766804773978109	0.0127879868348875	0.00996120373283003	0.0109091883778278	0.00293727742975228	0.0179263216150533	0.00863829118894299	0.00892396907216495	0.00190872809300711	0.0111974876441516	0.00619943259430493	0.00317183180561618
"103"	"Cell Wall and Capsule - Gram-Positive cell wall components"	0.7143	-0.00246466391738949	1	15	25	9	29	21	27	6	8	7	37	2	0.00131233595800525	0.00894988066825776	0.0235404896421846	0.00583657587548638	0.0177153329260843	0.011070110701107	0.0308571428571429	0.00464396284829721	0.0102695763799743	0.00506879073135409	0.0309364548494983	0.00143678160919540	6.1839094675654e-05	0.000514262205156336	0.00131068470168816	0.000241235123834030	0.000753814561617842	0.000505305709954523	0.00141353855819067	0.000193298969072165	0.000462721961941119	0.000180189456342669	0.00129592658751007	5.81987487269024e-05
"104"	"Cell Wall and Capsule - Multi-enzyme complex"	0.0152	0.0641115830606382	2	363	111	8	94	0	0	0	0	0	2	0	0.0026246719160105	0.216587112171838	0.104519774011299	0.00518806744487678	0.0574221136224801	0	0	0	0	0	0.00167224080267559	0	0.000123678189351308	0.0124451453647833	0.00581944007549544	0.000214431221185805	0.00244339892386473	0	0	0	0	0	7.00500858113551e-05	0
"105"	"Cell Division and Cell Cycle - Cell Division and Cell Cycle"	0.8106	-0.00209666843941740	2	11	11	10	33	11	7	3	7	14	34	25	0.0078125	0.0223123732251521	0.0316091954022989	0.0195694716242661	0.0448979591836735	0.0208728652751423	0.0193905817174515	0.00571428571428571	0.0169491525423729	0.0278330019880716	0.0564784053156146	0.033288948069241	0.000123678189351308	0.000377125617114646	0.000576701268742791	0.000268039026482256	0.000857788983909958	0.000264683943309512	0.000366472959530915	9.66494845360825e-05	0.000404881716698479	0.000360378912685338	0.00119085145879304	0.00072748435908628
"106"	"Cell Division and Cell Cycle - Cell cycle in Prokaryota"	0.8124	0.00209666843941736	254	482	337	501	702	516	354	522	406	489	568	726	0.9921875	0.977687626774848	0.968390804597701	0.980430528375734	0.955102040816327	0.979127134724858	0.980609418282548	0.994285714285714	0.983050847457627	0.972166998011928	0.943521594684385	0.96671105193076	0.0157071300476161	0.0165249588590236	0.0176680297787564	0.0134287552267610	0.0182475111122664	0.0124160831588826	0.0185330610962777	0.0168170103092783	0.0234831395685118	0.0125875205930807	0.0198942243704249	0.0211261457878656
"107"	"DNA Metabolism - DNA Metabolism"	0.0228	0.0531643574222811	75	175	157	183	346	117	104	55	118	87	98	74	0.090909090909091	0.121866295264624	0.159229208924949	0.0992946283233858	0.150369404606693	0.0685814771395076	0.0931065353625783	0.0332326283987915	0.0997464074387151	0.0533742331288344	0.0557768924302789	0.0360272638753651	0.00463793210067405	0.00599972572682392	0.00823109992660166	0.00490511418462528	0.00899378752826805	0.00281527466974663	0.00544474111303073	0.00177190721649485	0.0068251489386315	0.00223949752883031	0.0034324542047564	0.00215335370289539
"108"	"DNA Metabolism - DNA repair"	0.7958	-0.0170700687299739	467	846	383	985	1335	1054	630	896	656	862	1022	1249	0.566060606060606	0.589136490250696	0.388438133874239	0.534454693434617	0.580182529335072	0.617819460726846	0.564010743061773	0.541389728096677	0.554522400676247	0.528834355828221	0.581673306772908	0.608081791626095	0.0288788572135304	0.0290043883708173	0.0200796896298626	0.0264018441085022	0.0347014634399938	0.0253615342043841	0.0329825663577823	0.0288659793814433	0.0379432008791717	0.0221890444810544	0.0357955938496025	0.0363451185799505
"109"	"DNA Metabolism - DNA replication"	0.3781	-0.0290010055763266	283	415	446	673	620	531	376	704	395	681	588	731	0.343030303030303	0.28899721448468	0.452332657200811	0.365165491047206	0.269448066058236	0.311254396248535	0.336615935541629	0.425377643504532	0.333896872358411	0.417791411042945	0.334661354581673	0.355890944498539	0.0175004637932101	0.0142279210093253	0.0233826150781168	0.0180390264822558	0.016116035455278	0.0127770158088501	0.0196848332548034	0.022680412371134	0.0228468968708427	0.0175298599670511	0.0205947252285384	0.0212716426596828
"110"	"DNA Metabolism - DNA uptake, competence"	0.1809	-0.00709328311598065	0	0	0	2	0	4	7	0	14	0	49	0	0	0	0	0.00108518719479110	0	0.00234466588511137	0.0062667860340197	0	0.0118343195266272	0	0.0278884462151394	0	0	0	0	5.36078052964512e-05	0	9.62487066580043e-05	0.000366472959530915	0	0.000809763433396958	0	0.0017162271023782	0
"111"	"Nucleosides and Nucleotides - Detoxification"	0.3931	-0.00510626527410148	18	21	29	75	46	56	33	48	19	49	52	85	0.0217391304347826	0.0162037037037037	0.0319031903190319	0.0408052230685528	0.0234335201222618	0.0434782608695652	0.0352187833511206	0.0341880341880342	0.0220417633410673	0.0310322989233692	0.0370370370370370	0.0486827033218786	0.00111310370416177	0.00071996708721887	0.00152039425395827	0.00201029269861692	0.00119570585635934	0.00134748189321206	0.00172765823778860	0.00154639175257732	0.00109896465961016	0.00126132619439868	0.00182130223109523	0.00247344682089335
"112"	"Nucleosides and Nucleotides - Nucleosides and Nucleotides"	0.7615	-0.0091063977179428	358	504	430	750	857	411	417	545	427	592	574	699	0.432367149758454	0.388888888888889	0.473047304730473	0.408052230685528	0.436576668364748	0.319099378881988	0.445037353255069	0.388176638176638	0.495359628770302	0.374920835972134	0.408831908831909	0.400343642611684	0.0221383958938841	0.0172792100932529	0.0225437768690364	0.0201029269861692	0.0222765199760859	0.00988955460910994	0.0218313177320559	0.0175579896907216	0.0246977847186072	0.0152388797364086	0.0201043746278589	0.0203404626800524
"113"	"Nucleosides and Nucleotides - Purines"	0.377	0.0125666384679360	377	576	396	812	882	610	410	662	338	736	583	772	0.455314009661836	0.444444444444444	0.435643564356436	0.441784548422198	0.449312277126847	0.47360248447205	0.437566702241195	0.471509971509972	0.392111368909513	0.466117796073464	0.415242165242165	0.442153493699885	0.0233133386927215	0.0197476686780033	0.0207612456747405	0.0217647689503592	0.0229263601154116	0.0146779277653457	0.021464844772525	0.0213273195876289	0.0195500028920123	0.0189456342668863	0.02041960001401	0.0224647170085843
"114"	"Nucleosides and Nucleotides - Pyrimidines"	0.92	0.00164602452410834	75	195	54	201	178	211	77	149	78	202	195	190	0.0905797101449275	0.150462962962963	0.0594059405940594	0.109357997823721	0.0906775343861437	0.163819875776398	0.0821771611526147	0.106125356125356	0.0904872389791183	0.127929069031032	0.138888888888889	0.108820160366552	0.00463793210067405	0.00668540866703236	0.00283107895564643	0.00538758443229334	0.00462686179199917	0.00507711927620973	0.00403120255484006	0.00480025773195876	0.00451153912892591	0.0051997528830313	0.00682988336660712	0.00552888112905573
"115"	"Fatty Acids and Lipids - Fatty Acids and Lipids"	0.6281	-0.00658815262296979	13	18	16	30	17	67	23	36	34	29	33	50	0.0505836575875486	0.0927835051546392	0.0754716981132075	0.0514579759862779	0.0305206463195691	0.105511811023622	0.0646067415730337	0.0841121495327103	0.10625	0.0537037037037037	0.0653465346534653	0.0718390804597701	0.000803908230783501	0.000617114646187603	0.000838838209080424	0.000804117079446767	0.000441891294741494	0.00161216583652157	0.00120412543845872	0.00115979381443299	0.00196656833824975	0.000746499176276771	0.00115582641588736	0.00145496871817256
"116"	"Fatty Acids and Lipids - Fatty acids"	0.3257	-0.118476518496484	181	30	105	367	471	283	257	237	247	246	349	551	0.704280155642023	0.154639175257732	0.495283018867925	0.629502572898799	0.84560143626571	0.445669291338583	0.72191011235955	0.553738317757009	0.771875	0.455555555555556	0.691089108910891	0.791666666666667	0.0111928761362934	0.00102852441031267	0.00550487574709028	0.00983703227189879	0.0122429882248967	0.0068095959960538	0.0134547929427779	0.00763530927835052	0.0142865405749320	0.0063323723228995	0.0122237399740815	0.0160337552742616
"117"	"Fatty Acids and Lipids - Phospholipids"	0.2374	0.134154388210968	47	132	80	164	30	240	58	112	14	230	93	49	0.182879377431907	0.680412371134021	0.377358490566038	0.281303602058319	0.0538599640933573	0.377952755905512	0.162921348314607	0.261682242990654	0.04375	0.425925925925926	0.184158415841584	0.0704022988505747	0.00290643744975574	0.00452550740537575	0.00419419104540212	0.00439584003430900	0.000779808167190871	0.00577492239948026	0.00303649023611329	0.00360824742268041	0.000809763433396958	0.00592051070840198	0.00325732899022801	0.00142586934380911
"118"	"Fatty Acids and Lipids - Triacylglycerols"	0.3595	-0.0090897170915144	16	14	11	22	39	45	18	43	25	35	30	46	0.0622568093385214	0.0721649484536082	0.0518867924528302	0.0377358490566038	0.0700179533213645	0.0708661417322835	0.050561797752809	0.100467289719626	0.078125	0.0648148148148148	0.0594059405940594	0.0660919540229885	0.000989425514810463	0.000479978058145913	0.000576701268742791	0.000589685858260963	0.00101375061734813	0.00108279794990255	0.00094235903879378	0.00138530927835052	0.00144600613106600	0.000900947281713344	0.00105075128717033	0.00133857122071875
"119"	"Motility and Chemotaxis - Flagellar motility in Prokaryota"	0.8468	-0.0108409428688930	39	48	47	122	56	274	120	244	20	122	33	139	0.402061855670103	0.48	0.412280701754386	0.506224066390041	0.28	0.567287784679089	0.6	0.583732057416268	0.32258064516129	0.412162162162162	0.308411214953271	0.486013986013986	0.00241172469235050	0.00164563905650027	0.00246408723917374	0.00327007612308352	0.00145564191208963	0.00659303640607329	0.00628239359195854	0.00786082474226804	0.00115680490485280	0.00314044481054366	0.00115582641588736	0.00404481303651971
"120"	"Motility and Chemotaxis - Motility and Chemotaxis"	0.5262	-0.0491931179088749	58	37	43	119	144	208	80	173	42	174	74	147	0.597938144329897	0.37	0.37719298245614	0.493775933609959	0.72	0.43064182194617	0.4	0.413875598086124	0.67741935483871	0.587837837837838	0.691588785046729	0.513986013986014	0.00358666749118793	0.00126851343938563	0.00225437768690364	0.00318966441513884	0.00374307920251618	0.00500493274621622	0.00418826239463902	0.00557345360824742	0.00242929030019087	0.00447899505766063	0.00259185317502014	0.00427760803142732
"121"	"Motility and Chemotaxis - Social motility and nonflagellar swimming in bacteria"	0.3046	0.0600340607777679	0	15	24	0	0	1	0	1	0	0	0	0	0	0.15	0.210526315789474	0	0	0.0020703933747412	0	0.00239234449760766	0	0	0	0	0	0.000514262205156336	0.00125825731362064	0	0	2.40621766645011e-05	0	3.22164948453608e-05	0	0	0	0
"122"	"Sulfur Metabolism - Inorganic sulfur assimilation"	0.9028	0.00565485298008655	3	63	32	7	10	6	1	2	0	67	20	6	0.0205479452054795	0.120229007633588	0.115523465703971	0.0276679841897233	0.0129198966408269	0.0202020202020202	0.00458715596330275	0.00938967136150235	0	0.190883190883191	0.0680272108843537	0.0102739726027397	0.000185517284026962	0.00215990126165661	0.00167767641816085	0.000187627318537579	0.000259936055730290	0.000144373059987006	5.23532799329878e-05	6.44329896907217e-05	0	0.0017246705107084	0.000700500858113551	0.000174596246180707
"123"	"Sulfur Metabolism - Organic sulfur assimilation"	0.831	0.0128324557139473	14	20	10	43	8	77	11	24	4	94	18	15	0.095890410958904	0.0381679389312977	0.036101083032491	0.169960474308300	0.0103359173126615	0.259259259259259	0.0504587155963303	0.112676056338028	0.0148698884758364	0.267806267806268	0.0612244897959184	0.0256849315068493	0.000865747325459155	0.000685682940208448	0.000524273880675265	0.0011525678138737	0.000207948844584232	0.00185278760316658	0.000575886079262866	0.00077319587628866	0.000231360980970559	0.00241968698517298	0.000630450772302196	0.000436490615451768
"124"	"Sulfur Metabolism - Sulfur Metabolism"	0.8452	-0.0184873086940338	129	441	235	203	756	214	206	187	265	190	256	563	0.883561643835616	0.841603053435115	0.848375451263538	0.802371541501976	0.976744186046512	0.72053872053872	0.944954128440367	0.87793427230047	0.985130111524164	0.541310541310541	0.870748299319728	0.964041095890411	0.00797724321315936	0.0151193088315963	0.0123204361958687	0.00544119223758979	0.0196511658132099	0.00514930580620323	0.0107847756661955	0.00602448453608247	0.0153276649892996	0.00489085667215815	0.00896641098385345	0.0163829477666230
"125"	"Virulence - Invasion and intracellular resistance"	0.0597	0.00136436269890969	4	0	1	0	1	3	0	0	0	0	0	0	0.00583941605839416	0	0.000816993464052288	0	0.000602409638554217	0.000927357032457496	0	0	0	0	0	0	0.000247356378702616	0	5.24273880675265e-05	0	2.59936055730290e-05	7.21865299935032e-05	0	0	0	0	0	0
"126"	"Virulence - Iron Scavenging Mechanisms"	0.0763	-0.05062149324527	113	112	89	131	132	501	78	120	53	392	179	235	0.164963503649635	0.0633842671194114	0.0727124183006536	0.0718201754385965	0.0795180722891566	0.154868624420402	0.104138851802403	0.156453715775750	0.0961887477313975	0.230995875073659	0.164220183486239	0.158998646820027	0.0069878176983489	0.00383982446516731	0.00466603753800986	0.00351131124691755	0.00343115593563983	0.0120551505089150	0.00408355583477305	0.0038659793814433	0.00306553299785991	0.0100906095551895	0.00626948268011628	0.00683835297541103
"127"	"Virulence - Prophage, Transposon"	0.0096	0.00765338675802493	4	49	3	12	15	25	4	3	0	4	2	0	0.00583941605839416	0.0277306168647425	0.00245098039215686	0.00657894736842105	0.00903614457831325	0.00772797527047913	0.00534045393858478	0.00391134289439374	0	0.00235710076605775	0.0018348623853211	0	0.000247356378702616	0.00167992320351070	0.000157282164202579	0.000321646831778707	0.000389904083595436	0.000601554416612527	0.000209413119731951	9.66494845360825e-05	0	0.000102965403624382	7.00500858113551e-05	0
"128"	"Virulence - Resistance to antibiotics and toxic compounds"	0.073	-0.138124875783941	381	1191	637	832	1176	890	522	525	435	997	706	906	0.556204379562044	0.67402376910017	0.520424836601307	0.456140350877193	0.708433734939759	0.275115919629057	0.696929238985314	0.684485006518905	0.789473684210526	0.587507365939894	0.647706422018349	0.61299052774019	0.0235606950714242	0.0408324190894131	0.0333962461990144	0.0223008470033237	0.0305684801538821	0.0214153372314060	0.0273284121250196	0.0169136597938144	0.0251605066805483	0.0256641268533773	0.0247276802914084	0.0263640331732868
"129"	"Virulence - Toxins and superantigens"	1	0.00048661800486618	2	0	0	0	0	0	0	0	0	0	0	0	0.00291970802919708	0	0	0	0	0	0	0	0	0	0	0	0.000123678189351308	0	0	0	0	0	0	0	0	0	0	0
"130"	"Virulence - Type III, Type IV, ESAT secretion systems"	0.2854	0.0815483979123866	109	56	65	555	42	1236	32	37	42	47	79	294	0.159124087591241	0.0316921335597057	0.0531045751633987	0.304276315789474	0.0253012048192771	0.382071097372488	0.0427236315086782	0.0482398956975228	0.0762250453720508	0.0276959340011785	0.0724770642201835	0.198917456021651	0.00674046131964628	0.00191991223258365	0.00340778022438922	0.0148761659697652	0.00109173143406722	0.0297408503573233	0.00167530495785561	0.00119201030927835	0.00242929030019087	0.00120984349258649	0.00276697838954853	0.00855521606285465
"131"	"Virulence - Type VI secretion systems"	0.0166	0.0135463635206945	12	10	21	53	14	100	9	0	3	10	3	2	0.0175182481751825	0.00565930956423316	0.0171568627450980	0.0290570175438596	0.00843373493975904	0.0309119010819165	0.0120160213618158	0	0.00544464609800363	0.00589275191514437	0.00275229357798165	0.0013531799729364	0.000742069136107847	0.000342841470104224	0.00110097514941806	0.00142060684035596	0.000363910478022406	0.00240621766645011	0.00047117951939689	0	0.000173520735727919	0.000257413509060956	0.000105075128717033	5.81987487269024e-05
"132"	"Virulence - Virulence"	0.0263	0.0887915654610621	60	343	390	218	271	438	88	81	13	213	95	39	0.0875912408759124	0.194114318053198	0.318627450980392	0.119517543859649	0.163253012048193	0.135394126738794	0.117489986648865	0.105606258148631	0.0235934664246824	0.125515615792575	0.0871559633027523	0.0263870094722598	0.00371034568053924	0.0117594624245749	0.0204466813463353	0.00584325077731318	0.00704426711029087	0.0105392333790515	0.00460708863410293	0.00260953608247423	0.000751923188154318	0.00548290774299835	0.00332737907603937	0.00113487560017460
"133"	"Virulence - Detection"	0.448	-0.00125608796922842	0	3	0	0	0	0	0	0	0	11	3	0	0	0.00169779286926995	0	0	0	0	0	0	0	0.00648202710665881	0.00275229357798165	0	0	0.000102852441031267	0	0	0	0	0	0	0	0.000283154859967051	0.000105075128717033	0
"134"	"Virulence - Pathogenicity islands"	0.3157	-0.00208372714112438	0	2	9	2	1	5	4	0	3	17	3	1	0	0.00113186191284663	0.00735294117647059	0.00109649122807018	0.000602409638554217	0.00154559505409583	0.00534045393858478	0	0.00544464609800363	0.0100176782557454	0.00275229357798165	0.0006765899864682	0	6.85682940208448e-05	0.000471846492607738	5.36078052964512e-05	2.59936055730290e-05	0.000120310883322505	0.000209413119731951	0	0.000173520735727919	0.000437602965403624	0.000105075128717033	2.90993743634512e-05
"135"	"Virulence - Regulation of virulence"	0.8541	-7.21026714782761e-05	0	1	0	2	0	1	0	0	1	1	0	0	0	0.000565930956423316	0	0.00109649122807018	0	0.000309119010819165	0	0	0.00181488203266788	0.000589275191514437	0	0	0	3.42841470104224e-05	0	5.36078052964512e-05	0	2.40621766645011e-05	0	0	5.78402452426398e-05	2.57413509060956e-05	0	0
"136"	"Virulence - Adhesion"	0.6183	-0.00183481718345598	0	0	9	19	2	36	12	1	1	5	20	1	0	0	0.00735294117647059	0.0104166666666667	0.00120481927710843	0.0111282843894900	0.0160213618157543	0.00130378096479791	0.00181488203266788	0.00294637595757219	0.018348623853211	0.0006765899864682	0	0	0.000471846492607738	0.000509274150316286	5.19872111460581e-05	0.000866238359922039	0.000628239359195854	3.22164948453608e-05	5.78402452426398e-05	0.000128706754530478	0.000700500858113551	2.90993743634512e-05
"137"	"Virulence - Posttranslational modification"	1	0.000602409638554217	0	0	0	0	6	0	0	0	0	0	0	0	0	0	0	0	0.0036144578313253	0	0	0	0	0	0	0	0	0	0	0	0.000155961633438174	0	0	0	0	0	0	0
"138"	"Protein Metabolism - Lipoproteins"	0.1431	-0.00140691804569156	16	20	16	35	33	21	20	20	22	25	30	39	0.00887409872434831	0.00735023888276369	0.010230179028133	0.00955500955500956	0.00772652774525872	0.00754310344827586	0.0104821802935010	0.0069589422407794	0.0115122972265829	0.00853533629224991	0.0109210047324354	0.0113109048723898	0.000989425514810463	0.000685682940208448	0.000838838209080424	0.000938136592687895	0.000857788983909958	0.000505305709954523	0.00104706559865976	0.000644329896907216	0.00127248539533808	0.000643533772652389	0.00105075128717033	0.00113487560017460
"139"	"Protein Metabolism - Protein biosynthesis"	0.963	-0.00244832794935979	1277	1917	1141	2548	3141	1491	1373	1963	1352	1812	1922	2397	0.70826400443705	0.7045203969129	0.729539641943734	0.695604695604696	0.73542495902599	0.535560344827586	0.719601677148847	0.683020180932498	0.707482993197279	0.618641174462274	0.699672369858027	0.695185614849188	0.0789685239008101	0.0657227098189797	0.0598196497850477	0.0682963439476788	0.0816459151048842	0.0358767054067711	0.0718810533479922	0.0632409793814433	0.078200011568049	0.0466433278418451	0.0673181324647123	0.0697512003491925
"140"	"Protein Metabolism - Protein degradation"	0.2776	-0.00964465136850705	172	285	141	344	401	352	193	328	194	403	283	362	0.0953965612867443	0.104740904079383	0.090153452685422	0.093912093912094	0.0938890189651136	0.126436781609195	0.101153039832285	0.114126652748782	0.101517530088959	0.137589621031069	0.103021477975974	0.104988399071926	0.0106363242842125	0.00977098189797038	0.00739226171752123	0.0092205425109896	0.0104234358347846	0.00846988618590438	0.0101041830270666	0.0105670103092784	0.0112210075770721	0.0103737644151565	0.00991208714230675	0.0105339735195693
"141"	"Protein Metabolism - Protein folding"	0.6971	-0.00310719969050879	190	295	123	385	430	283	182	271	249	262	278	372	0.105379922351636	0.108416023520764	0.0786445012787724	0.105105105105105	0.100678997892765	0.101652298850575	0.0953878406708595	0.0942936673625609	0.130298273155416	0.0894503243427791	0.101201310520568	0.107888631090487	0.0117494279883743	0.0101138233680746	0.00644856873230576	0.0103195025195668	0.0111772503964025	0.0068095959960538	0.00952829694780378	0.00873067010309278	0.0144022210654173	0.00674423393739703	0.00973696192777836	0.0108249672632038
"142"	"Protein Metabolism - Protein processing and modification"	0.721	-0.00180981825110475	13	13	14	35	10	95	16	47	3	90	30	34	0.007210205213533	0.0047776552737964	0.00895140664961637	0.00955500955500956	0.00234137204401779	0.0341235632183908	0.00838574423480084	0.0163535142658316	0.00156985871271586	0.0307272106520997	0.0109210047324354	0.00986078886310905	0.000803908230783501	0.000445693911135491	0.00073398343294537	0.000938136592687895	0.000259936055730290	0.0022859067831276	0.000837652478927805	0.00151417525773196	0.000173520735727919	0.0023167215815486	0.00105075128717033	0.00098937872835734
"143"	"Protein Metabolism - Secretion"	0.0911	0.0229956560050280	124	168	114	265	246	461	106	196	88	186	177	218	0.0687742651136994	0.061742006615215	0.0728900255754476	0.0723450723450723	0.0575977522828377	0.16558908045977	0.0555555555555556	0.0681976339596381	0.0460491889063318	0.0635029020143394	0.0644339279213688	0.0632250580046404	0.00766804773978109	0.00575973669775096	0.00597672223969802	0.00710303420177978	0.00639442697096514	0.011092663442335	0.0055494476728967	0.00631443298969072	0.0050899415813523	0.00478789126853377	0.00619943259430493	0.00634366361123236
"144"	"Protein Metabolism - Selenoproteins"	0.6577	-0.00457874069985609	11	23	15	51	10	81	18	49	3	151	27	26	0.00610094287298946	0.00845277471517824	0.00959079283887468	0.0139230139230139	0.00234137204401779	0.0290948275862069	0.00943396226415094	0.0170494084899095	0.00156985871271586	0.0515534312051895	0.00982890425919185	0.00754060324825986	0.000680230041432193	0.000788535381239715	0.000786410821012897	0.00136699903505950	0.000259936055730290	0.00194903630982459	0.00094235903879378	0.00157860824742268	0.000173520735727919	0.00388694398682043	0.000945676158453294	0.000756583733449731
"145"	"Miscellaneous - Miscellaneous"	1	0	688	420	499	1921	371	4223	630	1496	143	1534	720	787	1	1	1	1	1	1	1	1	1	1	1	1	0.0425452971368499	0.0143993417443774	0.0261612666456957	0.0514902969872413	0.00964362766759377	0.101614572054188	0.0329825663577823	0.0481958762886598	0.0082711550696975	0.0394872322899506	0.0252180308920878	0.0229012076240361
"146"	"Nitrogen Metabolism - Nitrogen Metabolism"	1	0	46	87	37	225	126	379	69	171	36	439	127	122	1	1	1	1	1	1	1	1	1	1	1	1	0.00284459835508008	0.00298272078990675	0.00193981335849848	0.00603087809585076	0.00327519430220166	0.0091195649558459	0.00361237631537616	0.0055090206185567	0.00208224882873503	0.0113004530477759	0.00444818044902105	0.00355012367234104
"147"	"Metabolism of Aromatic Compounds - Peripheral pathways for catabolism of aromatic compounds"	0.7941	0.0592366542698668	1	12	4	21	0	20	6	4	1	43	12	12	1	0.0869565217391304	0.0493827160493827	0.111111111111111	0	0.625	0.09375	0.5	0.142857142857143	0.113756613756614	0.222222222222222	0.444444444444444	6.1839094675654e-05	0.000411409764125069	0.000209709552270106	0.000562881955612737	0	0.000481243533290021	0.000314119679597927	0.000128865979381443	5.78402452426398e-05	0.00110687808896211	0.000420300514868131	0.000349192492361414
"148"	"Metabolism of Aromatic Compounds - Anaerobic degradation of aromatic compounds"	0.3422	-0.0264148886205046	0	6	3	18	0	0	7	0	0	29	6	1	0	0.0434782608695652	0.0370370370370370	0.0952380952380952	0	0	0.109375	0	0	0.0767195767195767	0.111111111111111	0.0370370370370370	0	0.000205704882062534	0.000157282164202579	0.000482470247668060	0	0	0.000366472959530915	0	0	0.000746499176276771	0.000210150257434065	2.90993743634512e-05
"149"	"Metabolism of Aromatic Compounds - Metabolism of Aromatic Compounds"	0.062	-0.168566760165492	0	12	15	58	4	0	25	1	4	98	13	5	0	0.0869565217391304	0.185185185185185	0.306878306878307	0.181818181818182	0	0.390625	0.125	0.571428571428571	0.259259259259259	0.240740740740741	0.185185185185185	0	0.000411409764125069	0.000786410821012897	0.00155462635359708	0.000103974422292116	0	0.00130883199832470	3.22164948453608e-05	0.000231360980970559	0.00252265238879736	0.000455325557773808	0.000145496871817256
"150"	"Metabolism of Aromatic Compounds - Metabolism of central aromatic intermediates"	0.3409	0.135744994516130	0	108	59	92	18	12	26	3	2	208	23	9	0	0.782608695652174	0.728395061728395	0.486772486772487	0.818181818181818	0.375	0.40625	0.375	0.285714285714286	0.55026455026455	0.425925925925926	0.333333333333333	0	0.00370268787712562	0.00309321589598406	0.00246595904363675	0.000467884900314523	0.000288746119974013	0.00136118527825768	9.66494845360825e-05	0.000115680490485280	0.00535420098846788	0.000805575986830584	0.000261894369271061
"151"	"Phosphorus Metabolism - Phosphorus Metabolism"	1	0	331	481	319	551	782	495	327	577	302	630	440	671	1	1	1	1	1	1	1	1	1	1	1	1	0.0204687403376415	0.0164906747120132	0.0167243367935409	0.0147689503591723	0.0203269995581087	0.0119107774489280	0.017119522538087	0.0185889175257732	0.0174677540632772	0.0162170510708402	0.0154110188784981	0.0195256801978757
"152"	"Potassium metabolism - Potassium metabolism"	1	0	85	141	97	190	197	317	122	142	132	367	223	257	1	1	1	1	1	1	1	1	1	1	1	1	0.00525632304743059	0.00483406472846956	0.00508545664255007	0.00509274150316286	0.00512074029788672	0.00762771000264684	0.00638710015182451	0.00457474226804124	0.00763491237202846	0.00944707578253707	0.0078105845679661	0.00747853921140695
"153"	"RNA Metabolism - RNA Metabolism"	0.6587	0.00420080288280655	37	9	1	1	8	40	5	0	26	0	9	25	0.0535455861070912	0.0073469387755102	0.0015527950310559	0.000632111251580278	0.00510529674537333	0.0235017626321974	0.00565610859728507	0	0.0357634112792297	0	0.00731707317073171	0.0177430801987225	0.00228804650299920	0.000308557323093801	5.24273880675265e-05	2.68039026482256e-05	0.000207948844584232	0.000962487066580043	0.000261766399664939	0	0.00150384637630864	0	0.000315225386151098	0.00072748435908628
"154"	"RNA Metabolism - RNA processing and modification"	0.9695	0.00169369301894629	394	763	381	969	913	1271	481	914	363	1144	723	862	0.570188133140376	0.622857142857143	0.591614906832298	0.61251580278129	0.58264199106573	0.746768507638073	0.544117647058823	0.688771665410701	0.499312242090784	0.784636488340192	0.58780487804878	0.611781405251952	0.0243646033022077	0.0261588041689523	0.0199748348537276	0.0259729816661306	0.0237321618881755	0.0305830265405809	0.0251819276477671	0.0294458762886598	0.0209960090230783	0.0294481054365733	0.0253231060208049	0.0250836607012949
"155"	"RNA Metabolism - Transcription"	0.9194	-0.00589449590175278	260	453	262	612	646	391	398	413	338	314	498	522	0.376266280752533	0.369795918367347	0.406832298136646	0.38685208596713	0.412252712188896	0.229729729729730	0.450226244343891	0.311228334589299	0.464924346629986	0.215363511659808	0.404878048780488	0.370475514549326	0.0160781646156700	0.0155307185957213	0.0137359756736919	0.0164039884207141	0.0167918692001768	0.00940831107581992	0.0208366054133291	0.0133054123711340	0.0195500028920123	0.008082784184514	0.0174424713670274	0.0151898734177215
"156"	"Regulation and Cell signaling - Regulation and Cell signaling"	0.1782	-0.00618827845075365	169	195	144	480	259	593	160	313	82	463	266	247	1	0.979899497487437	1	0.997920997920998	1	0.985049833887043	1	1	1	1	1	1	0.0104508070001855	0.00668540866703236	0.00754954388172381	0.0128658732711483	0.00673234384341452	0.0142688707620491	0.00837652478927805	0.0100837628865979	0.00474290010989647	0.0119182454695222	0.00931666141291023	0.00718754546777244
"157"	"Regulation and Cell signaling - Programmed Cell Death and Toxin-antitoxin Systems"	0.179	0.00479704765669473	0	3	0	1	0	7	0	0	0	0	0	0	0	0.0150753768844221	0	0.00207900207900208	0	0.0116279069767442	0	0	0	0	0	0	0	0.000102852441031267	0	2.68039026482256e-05	0	0.000168435236651508	0	0	0	0	0	0
"158"	"Regulation and Cell signaling - Proteolytic pathway"	0.4546	0.00111437586604117	0	1	0	0	0	1	0	0	0	0	0	0	0	0.0050251256281407	0	0	0	0.00166112956810631	0	0	0	0	0	0	0	3.42841470104224e-05	0	0	0	2.40621766645011e-05	0	0	0	0	0	0
"159"	"Regulation and Cell signaling - Signal transduction in Eukaryotes"	1	0.000276854928017719	0	0	0	0	0	1	0	0	0	0	0	0	0	0	0	0	0	0.00166112956810631	0	0	0	0	0	0	0	0	0	0	0	2.40621766645011e-05	0	0	0	0	0	0
"160"	"Unclassified - Unclassified"	1	0	573	934	819	1466	1458	1675	614	1174	490	1423	975	1239	1	1	1	1	1	1	1	1	1	1	1	1	0.0354338012491497	0.0320213933077345	0.0429380308273042	0.0392945212822987	0.0378986769254763	0.0403041459130393	0.0321449138788545	0.0378221649484536	0.0283417201688935	0.036629942339374	0.0341494168330356	0.036054124836316
"161"	"Macromolecular Synthesis - Control of Macromolecuar Synthesis"	NA	NA	0	0	0	0	0	1	0	1	0	0	0	0	NA	NA	NA	NA	NA	1	NA	1	NA	NA	NA	NA	0	0	0	0	0	2.40621766645011e-05	0	3.22164948453608e-05	0	0	0	0
"162"	"Prophage - Prophage"	NA	NA	0	0	0	0	0	0	1	0	0	0	0	1	NA	NA	NA	NA	NA	NA	1	NA	NA	NA	NA	1	0	0	0	0	0	0	5.23532799329878e-05	0	0	0	0	2.90993743634512e-05
