"SEEDlevel1"	"BMS8"	"BMS10"	"BMS16"	"BF3"	"BF4"	"BF6"	"FF2"	"FF3"	"FF7"	"FF13"	"FF15"	"FF5"	"BMS8.1"	"BMS10.1"	"BMS16.1"	"BF3.1"	"BF4.1"	"BF6.1"	"FF2.1"	"FF3.1"	"FF7.1"	"FF13.1"	"FF15.1"	"FF5.1"
"Membrane Transport"	0.0198503493908849	0.0210847504114098	0.0187690049281745	0.0195400450305564	0.0231083153544228	0.0157847878919127	0.0271189990052877	0.0205219072164948	0.0314072531667534	0.0329231878088962	0.0273545585093342	0.0259857413065619	321	615	358	729	889	656	518	637	543	1279	781	893
"Respiration"	0.0211489703790737	0.0348326933625891	0.0279437978399916	0.0233461992066045	0.0181175430844012	0.0310402078972064	0.0174336422176849	0.0200386597938144	0.0141130198392041	0.033129118616145	0.0235368288326153	0.0137931034482759	342	1016	533	871	697	1290	333	622	244	1287	672	474
"Stress Response"	0.0160163255209944	0.0174163466812946	0.0209709552270106	0.0196204567385011	0.0104754230459307	0.0260352751509902	0.0142924454217057	0.0162693298969072	0.0100642026722193	0.026668039538715	0.016076494693706	0.0123672341044668	259	508	400	732	403	1082	273	505	174	1036	459	425
"Amino Acids and Derivatives"	0.102714736256261	0.100418266593527	0.0899653979238754	0.102766162753297	0.111980452808609	0.0804639187660916	0.100570650751270	0.0975193298969072	0.103707559720053	0.0997219934102142	0.101327449126125	0.101498617779718	1661	2929	1716	3834	4308	3344	1921	3027	1793	3874	2893	3488
"Carbohydrates"	0.167089233813617	0.189591332967636	0.174845339205201	0.167470783746113	0.157547243378129	0.173199547631079	0.160933982514005	0.194845360824742	0.167331829486957	0.211516680395387	0.172148085881405	0.162665502691692	2702	5530	3335	6248	6061	7198	3074	6048	2893	8217	4915	5590
"Secondary Metabolism"	0.000247356378702616	0.000411409764125069	0.000576701268742791	0.00241235123834030	5.19872111460581e-05	0.000529367886619024	0.00094235903879378	0.000289948453608247	0.000289201226213199	0.00241968698517298	0.00101572624426465	0.00136767059508221	4	12	11	90	2	22	18	9	5	94	29	47
"Clustering-based subsystems"	0.115639107043473	0.109195008228195	0.132117017930167	0.116570172617133	0.127238699279977	0.0982218051444934	0.129050835034815	0.124194587628866	0.143328127711261	0.097765650741351	0.126055129417534	0.129521315291721	1870	3185	2520	4349	4895	4082	2465	3855	2478	3798	3599	4451
"Cofactors, Vitamins, Prosthetic Groups, Pigments"	0.0475542638055779	0.0528318705430609	0.0453496906784104	0.0415996569100461	0.0607210626185958	0.0386679178998532	0.0474844248992199	0.05	0.0514778182659494	0.0428593492586491	0.0513467128997233	0.052437072602939	769	1541	865	1552	2336	1607	907	1552	890	1665	1466	1802
"Cell Wall and Capsule"	0.0471213901428483	0.0574602303894679	0.0556778861277131	0.0413316178835638	0.0425515323230485	0.0456459491325585	0.0458091199413643	0.0416237113402062	0.0450575510440164	0.0355488056013180	0.0418899513151904	0.0405063291139241	762	1676	1062	1542	1637	1897	875	1292	779	1381	1196	1392
"Cell Division and Cell Cycle"	0.0158308082369674	0.0169020844761382	0.0182447310474992	0.0136967942532433	0.0191053000961763	0.0126807671021921	0.0188995340558086	0.0169136597938144	0.0238880212852103	0.0129478995057661	0.0210850758292179	0.0218536301469518	256	493	348	511	735	527	361	525	413	503	602	751
"DNA Metabolism"	0.0510172531074145	0.0492320351069665	0.0516934046345811	0.0493995925806797	0.0598112864235398	0.0410500733896388	0.0584786136851474	0.0533182989690722	0.0684250101220429	0.0419584019769357	0.0615390003852755	0.0597701149425287	825	1436	986	1843	2301	1706	1117	1655	1183	1630	1757	2054
"Nucleosides and Nucleotides"	0.0512027703914415	0.0444322545255074	0.0476564957533816	0.0492655730674386	0.051025447739856	0.0309920835438774	0.0490550232972096	0.0452319587628866	0.0498582913991555	0.0406455930807249	0.0491751602395713	0.0508075076385858	828	1296	909	1838	1963	1288	937	1404	862	1579	1404	1746
"Fatty Acids and Lipids"	0.0158926473316431	0.00665112452002194	0.0111146062703156	0.0156266752439155	0.0144784383041772	0.0152794821819582	0.0186377676561437	0.0137886597938144	0.0185088784776447	0.0139003294892916	0.0176876466673672	0.0202531645569620	257	194	212	583	557	635	356	428	320	540	505	696
"Motility and Chemotaxis"	0.00599839218353843	0.00342841470104224	0.00597672223969802	0.00645974053822237	0.00519872111460581	0.0116220313289540	0.0104706559865976	0.0134664948453608	0.00358609520504367	0.00761943986820428	0.0037476795909075	0.00832242106794704	97	100	114	241	200	483	200	418	62	296	107	286
"Sulfur Metabolism"	0.00902850782264548	0.0179648930334613	0.0145223864947048	0.00678138737000107	0.0201190507135245	0.00714646646935682	0.0114130150253913	0.00686211340206186	0.0155590259702701	0.00903521416803954	0.0102973626142692	0.0169940346282555	146	524	277	253	774	297	218	213	269	351	294	584
"Virulence"	0.042359779852823	0.0605800877674163	0.0641711229946524	0.0488903184303635	0.0431493852512282	0.077841141509661	0.0392126066698079	0.0247100515463918	0.0318699751286945	0.0436830724876442	0.0381772967671885	0.0430088753091808	685	1767	1224	1824	1660	3235	749	767	551	1697	1090	1478
"Protein Metabolism"	0.111495887700204	0.0932871640153593	0.0819964349376114	0.0981826954004503	0.111018689402407	0.066989099833971	0.0998900581121407	0.092590206185567	0.110532708658685	0.0753964168039539	0.0962137928618963	0.100334642805180	1803	2721	1564	3663	4271	2784	1908	2874	1911	2929	2747	3448
"Miscellaneous"	0.0425452971368499	0.0143993417443774	0.0261612666456957	0.0514902969872413	0.00964362766759377	0.101614572054188	0.0329825663577823	0.0481958762886598	0.0082711550696975	0.0394872322899506	0.0252180308920878	0.0229012076240361	688	420	499	1921	371	4223	630	1496	143	1534	720	787
"Nitrogen Metabolism"	0.00284459835508008	0.00298272078990675	0.00193981335849848	0.00603087809585076	0.00327519430220166	0.0091195649558459	0.00361237631537616	0.0055090206185567	0.00208224882873503	0.0113004530477759	0.00444818044902105	0.00355012367234104	46	87	37	225	126	379	69	171	36	439	127	122
"Metabolism of Aromatic Compounds"	6.1839094675654e-05	0.00473121228743829	0.00424661843346964	0.00506593760051463	0.000571859322606639	0.000769989653264034	0.00335060991571122	0.000257731958762887	0.000404881716698479	0.00973023064250412	0.00189135231690659	0.000785683107813182	1	138	81	189	22	32	64	8	7	378	54	27
"Phosphorus Metabolism"	0.0204687403376415	0.0164906747120132	0.0167243367935409	0.0147689503591723	0.0203269995581087	0.0119107774489280	0.017119522538087	0.0185889175257732	0.0174677540632772	0.0162170510708402	0.0154110188784981	0.0195256801978757	331	481	319	551	782	495	327	577	302	630	440	671
"Potassium metabolism"	0.00525632304743059	0.00483406472846956	0.00508545664255007	0.00509274150316286	0.00512074029788672	0.00762771000264684	0.00638710015182451	0.00457474226804124	0.00763491237202846	0.00944707578253707	0.0078105845679661	0.00747853921140695	85	141	97	190	197	317	122	142	132	367	223	257
"RNA Metabolism"	0.0427308144208769	0.0419980800877674	0.0337632379154870	0.0424037739894929	0.0407319799329365	0.0409538246829808	0.0462802994607612	0.0427512886597938	0.0420498582913992	0.0375308896210873	0.0430808027739834	0.0410010184781027	691	1225	644	1582	1567	1702	884	1327	727	1458	1230	1409
"Regulation and Cell signaling"	0.0104508070001855	0.00682254525507405	0.00754954388172381	0.0128926771737965	0.00673234384341452	0.0144854303520296	0.00837652478927805	0.0100837628865979	0.00474290010989647	0.0119182454695222	0.00931666141291023	0.00718754546777244	169	199	144	481	259	602	160	313	82	463	266	247
"Unclassified"	0.0354338012491497	0.0320213933077345	0.0429380308273042	0.0392945212822987	0.0378986769254763	0.0403041459130393	0.0321449138788545	0.0378221649484536	0.0283417201688935	0.036629942339374	0.0341494168330356	0.036054124836316	573	934	819	1466	1458	1675	614	1174	490	1423	975	1239
"Macromolecular Synthesis"	0	0	0	0	0	2.40621766645011e-05	0	3.22164948453608e-05	0	0	0	0	0	0	0	0	0	1	0	1	0	0	0	0
"Prophage"	0	0	0	0	0	0	5.23532799329878e-05	0	0	0	0	2.90993743634512e-05	0	0	0	0	0	0	1	0	0	0	0	1
