name	log.BF.FF.2.	p	q	log.BF.2.	log.FF.2.
IFITM3	-0.0665171455208613	0.6863951678608	0.550764602500552	6.71077640551679	6.77729355103765
HSPB1	1.72630438805969	0.0520411876488106	0.206722444907012	8.08004736556082	6.35374297750113
ITGB5	0.159896345139197	0.610405548168187	0.528875003878713	6.15702340751896	5.99712706237976
NOTCH2	1.17483061354504	0.0818048597643889	0.231883011387140	7.24313998550191	6.06830937195687
VWF	-0.456317472240563	0.0279662692753032	0.202615805639396	5.5949495056015	6.05126697784206
ANXA8	-0.249460377959934	0.0586482143324225	0.210086709201253	5.8514622790293	6.10092265698923
SLAMF7	-0.0866096733631458	0.710359269804622	0.554204225196979	5.85200870806906	5.93861838143220
TFPI	-0.0272839238038616	0.868461708441142	0.600737148010285	7.88447918850553	7.91176311230939
CD96	0.166366921605786	0.309518038897667	0.374032800256062	6.007890216631	5.84152329502521
IL17B	-0.385068191922807	0.0297963814239676	0.202615805639396	8.2527390611244	8.63780725304721
IL27RA	0.290464443773326	0.384345262081475	0.411199020437943	6.61083080527987	6.32036636150654
NKTR	0.34470859787345	0.272599976409031	0.351692887282142	6.14496072176428	5.80025212389083
STAT2	-0.401869734555877	0.0296667996380336	0.202615805639396	6.27974962589757	6.68161936045344
AIM2	0.0197945703978455	0.895988595523363	0.610521274422765	6.27242103973072	6.25262646933287
PLAU	0.0534758620147775	0.946606301203547	0.621569918504338	6.8550670695404	6.80159120752563
IFIT1	0.909543782531581	0.0533153033485299	0.207134017478535	6.18914184630079	5.27959806376921
PDGFRA	-0.150873328520970	0.141337438959479	0.271122906216808	6.62218877539123	6.7730621039122
GAB1	-0.639676180591063	9.56755347934416e-07	0.000191925513016665	7.47517562507232	8.11485180566338
AHSG	0.237800957653312	0.131268221351695	0.270142003480056	7.0093855139888	6.77158455633549
LRRC57	0.0391330308157878	0.830810864046177	0.596165496833564	6.03183233316757	5.99269930235179
IL17D	0.129294969311162	0.584736110201286	0.521325787538245	7.3956929557977	7.26639798648654
FYN	-0.0835380950354905	0.632332385610459	0.53977078491805	5.77158786381597	5.85512595885146
EPHX1	0.425686818859643	0.0922346693155028	0.236062211874388	6.37400308016779	5.94831626130815
APLN	0.131149711924407	0.573875987297668	0.515497541445834	6.28012227542602	6.14897256350161
SLAMF8	0.0312891758274523	0.923027248518369	0.612097991793409	6.83450963305176	6.80322045722431
HLA-E	0.722325814914109	0.122320164642450	0.270142003480056	6.29890216170828	5.57657634679417
HLA-DQA1	-0.190339108081068	0.186531273589804	0.304213411061163	6.65084225965965	6.84118136774072
MSRA	0.182123269631213	0.398053264944811	0.420261301565412	5.98119848687494	5.79907521724373
TNF	0.209852332732832	0.235847606144560	0.325844516808549	6.8196542700894	6.60980193735657
PRG3	-0.0906949662125598	0.656171860757884	0.544174196747199	6.40660121057016	6.49729617678272
SDC4	0.6458090799746	0.0900956927507739	0.234717307949611	6.20806529784304	5.56225621786844
IL1B	0.353602806049206	0.711602403918422	0.554204225196979	8.21461730042225	7.86101449437304
ITPR1	0.931772595099438	0.178094282579817	0.293977945510411	7.54176424368476	6.60999164858532
FYN	0.277262817953495	0.208611784576151	0.317491807162399	6.86812062114458	6.59085780319108
FLT3LG	-0.113607805031854	0.435970158340168	0.442809441116839	6.16174823694179	6.27535604197364
WASL	-0.151203154451437	0.160796789271336	0.283767326250575	6.72178320448066	6.8729863589321
HLA-E	0.56696174339885	0.156754802687949	0.279219363959828	8.02439656664855	7.4574348232497
KLRF1	-1.58088080087958	3.1462706023692e-05	0.00252457266427677	7.71442238782555	9.29530318870514
FCER2	-0.105339018624175	0.501164352193297	0.481152393920063	5.9492042226647	6.05454324128888
ICAM1	0.341073814083709	0.167739851226113	0.287079633338241	8.7024062648844	8.36133245080069
FGB	-0.171020744186881	0.341393308658845	0.392456372247597	7.60354547140587	7.77456621559276
C8B	-0.192189357566757	0.338928188651950	0.390742142979321	6.00564404982292	6.19783340738968
TBX21	-0.369516127586770	0.191956632924469	0.304512745412941	8.0228653855664	8.39238151315317
TIRAP	0.283234064311678	0.101614128223725	0.247076794738043	6.00155616953133	5.71832210521965
PLSCR4	0.0962031660619465	0.729482113919745	0.561630780234515	6.44587948665613	6.34967632059418
MSRA	-0.0733173102516496	0.66606782350719	0.544174196747199	7.2054397595225	7.27875706977415
CD59	1.21407474074917	0.0536732713833456	0.207134017478535	7.26911421692135	6.05503947617218
IRF1	-0.405654994393587	0.0280163158805513	0.202615805639396	5.79024415432924	6.19589914872283
CLEC2B	0.00696366466181697	0.971536490930188	0.624649411314856	6.16379105713464	6.15682739247283
IFIT2	0.0390862904915252	0.911522093606773	0.611382715508176	6.20845619677799	6.16936990628647
GSTA2	-0.112808527851779	0.365314327157567	0.401546317942167	6.24730040087112	6.3601089287229
ANXA8	0.0345428342918144	0.867651623134106	0.600737148010285	6.20063899335537	6.16609615906355
GAB2	0.143588633273187	0.257655917401583	0.340567740272256	6.72268011117125	6.57909147789806
CCR8	0.257722169865237	0.251365866224524	0.336848244046115	6.14503400344592	5.88731183358068
HS3ST3B1	0.550985996684507	0.231476948943189	0.325844516808549	8.11009078985248	7.55910479316797
HSPA1B	1.25394346086514	0.0103644095823811	0.173258732453382	6.6773643286298	5.42342086776466
PLAT	-0.18212308592046	0.211965434296782	0.317491807162399	6.60351696769234	6.7856400536128
CIITA	0.0846252631988706	0.589857989531437	0.523025857832405	7.07325247671575	6.98862721351688
FYN	0.339006930700935	0.0614026973260996	0.218007188092774	7.7615504228726	7.42254349217166
CRB2	0.417154643183769	0.0996508370058189	0.24669394108233	6.49222589568168	6.07507125249791
NFKB1	0.942820099752744	0.0354009197445134	0.206722444907012	6.57929163911127	5.63647153935853
LITAF	0.82997164091235	0.133058979610193	0.270142003480056	6.34404390554058	5.51407226462823
CD74	-0.112140060263095	0.644850648019431	0.544174196747199	7.46165172786603	7.57379178812912
LRCH1	0.0153106569948882	0.928707871025194	0.612798995497549	5.94432012987214	5.92900947287725
MSRA	-0.0853617761461383	0.757073568039539	0.568687598624874	6.83054788922268	6.91590966536881
PPIF	-0.220749147570118	0.155494641939351	0.279219363959828	7.31584014609619	7.5365892936663
TNKS	0.322850195414354	0.211077143026727	0.317491807162399	9.30112349377861	8.97827329836426
GADD45A	1.35102801358935	0.0447942066579561	0.206722444907012	7.04234869465344	5.69132068106409
DNAJA4	0.984832590341902	0.131216125120297	0.270142003480056	7.15434107676868	6.16950848642678
C7	-0.295308249525695	0.567450255793409	0.515497541445834	6.91089257926288	7.20620082878857
XCL1	0.729300515155295	0.0191676120148089	0.202550985534327	7.90016371477658	7.17086319962128
DAPP1	0.432709537918541	0.0474097302431482	0.206722444907012	6.96074134777574	6.5280318098572
ABCC6	0.462434509571185	0.268337514649723	0.348405274320598	6.95353907262029	6.4911045630491
NFAT5	-0.142179920755595	0.685458294083217	0.550764602500552	7.7971329497944	7.93931287055
GIMAP8	0.298468980126943	0.139028661983619	0.270142003480056	6.17129317285874	5.8728241927318
CXCL1	-0.259860365955621	0.0822904736179284	0.231883011387140	7.76738624459884	8.02724661055446
TFPI2	0.186605409394903	0.221015283743671	0.322441862269043	5.90240942131073	5.71580401191583
SLAMF6	-0.140839035844345	0.283208060402980	0.358433138332604	6.7189834455871	6.85982248143145
ULBP1	0.65253278016406	0.0842322104499495	0.231883011387140	7.93805684916308	7.28552406899902
IKBKAP	-0.180793412120351	0.179522557852357	0.293977945510411	5.74915540490951	5.92994881702986
OASL	1.02098196528845	0.139345980268783	0.270142003480056	7.00853421872074	5.98755225343229
MOSC1	-0.439975127812615	0.0323591464164985	0.206722444907012	6.25362347218808	6.69359860000069
SP2	0.0398873084297184	0.832133597808801	0.596165496833564	6.4398409912226	6.39995368279288
XRCC5	0.0140378432675741	0.932712782309426	0.613451031299416	6.20459938408074	6.19056154081317
CXCL2	0.145087342414204	0.781224514100477	0.576154250580124	6.35030101791976	6.20521367550556
CRNN	0.0439486423549162	0.770956014847329	0.570679302655038	6.42577001304992	6.381821370695
HSH2D	1.19492866950099	0.00694514723777152	0.154799929837322	6.84058280923321	5.64565413973222
SRC	0.0564643385091408	0.828042595813178	0.596165496833564	6.94020012300624	6.8837357844971
CCL18	0.0454722864151638	0.831828388347128	0.596165496833564	7.67605505081234	7.63058276439718
EPHX1	0.00615558656564108	0.970090396798918	0.624649411314856	6.37183587369689	6.36568028713125
HSPB8	-0.459456098268793	0.0244671115786855	0.202615805639396	6.35694698986199	6.81640308813078
SWAP70	1.10977919360202	0.0496072795043776	0.206722444907012	7.14557362803067	6.03579443442865
NDST1	0.296550823504194	0.0852669005130536	0.231883011387140	7.33663354195273	7.04008271844853
FOSL1	-0.274478603227126	0.124854434119606	0.270142003480056	6.55858718365924	6.83306578688637
GRB2	0.266758910786247	0.0775447364625911	0.231113314417102	6.5684823677618	6.30172345697555
WASL	-0.818900338415349	0.128963478338244	0.270142003480056	7.54407479262633	8.36297513104168
FKBP3	-0.111426015390542	0.611658780805024	0.528875003878713	7.17971569329645	7.291141708687
LEMD1	0.0135630551226109	0.889609682183099	0.609065068535852	6.55911831087507	6.54555525575246
CCL7	0.0403904894542109	0.695284494717128	0.554204225196979	6.65127960070366	6.61088911124945
GSTA2	-0.334563411486964	0.335294685076049	0.3891178376276	6.26086874267841	6.59543215416537
RGS1	0.616334639256194	0.29884991945027	0.370080365967167	6.5212469315056	5.9049122922494
LRRC8A	0.0965887229479971	0.544034830277053	0.509037853223625	6.87699417439492	6.78040545144692
ANTXR2	-0.177965411849770	0.554540923136772	0.510280437410978	6.87141694394817	7.04938235579794
BPIL1	-1.32675816588080	1.43822405069071e-05	0.00144254165580395	8.22945646214467	9.55621462802547
NOTCH2NL	0.705711544801642	0.146480635092804	0.274311392414448	6.80139820527365	6.095686660472
FUT7	-0.117209611649104	0.736709972116623	0.561630780234515	7.09131568498733	7.20852529663643
HLA-DOB	0.0577438217406723	0.765472590161003	0.569060909749241	8.31440667312047	8.2566628513798
LRCH4	-0.0883605546431552	0.699306366962845	0.554204225196979	7.36935292828275	7.4577134829259
LYZL6	-0.288548755251607	0.0229053135915451	0.202615805639396	6.54767375816764	6.83622251341925
TNFRSF8	-0.303647211616385	0.163901850232354	0.28466474463559	8.01480985129463	8.31845706291101
TRAP1	-0.341510895584626	0.244926208858088	0.333371332273864	8.41909181779191	8.76060271337654
VAV3	-0.106314030007139	0.62131756004779	0.533340194348388	6.2363118114333	6.34262584144044
GSTM1	0.596982138387125	0.130846799540769	0.270142003480056	6.45670565241735	5.85972351403022
LMO1	-0.270715085269555	0.118227775489928	0.270142003480056	7.39189620281073	7.66261128808029
IL2RA	-0.0175549088121798	0.922798436663174	0.612097991793409	7.00833314408553	7.02588805289771
IFNA17	0.0414389668389283	0.574344298413797	0.515497541445834	6.58017272576694	6.53873375892801
VTCN1	0.169542554705149	0.420784579227205	0.438491211499436	8.80808449047144	8.6385419357663
CD9	0.0893309562547202	0.756924461245474	0.568687598624874	9.99783806293275	9.90850710667803
IL6R	-0.317184763161842	0.0486043564208105	0.206722444907012	6.94866328347999	7.26584804664183
XRCC6	-0.0945625039004687	0.656888530215353	0.544174196747199	6.10578567164297	6.20034817554344
IRF7	1.11005662710404	0.0928993585345122	0.236062211874388	7.03927915054916	5.92922252344512
MSRA	-0.0679204786839689	0.550987114647611	0.510125822879465	7.0606676819728	7.12858816065677
F9	-0.0142558315427657	0.930193991731124	0.612798995497549	8.16261199165373	8.1768678231965
GAB2	0.434271356318251	0.318619731408749	0.381511949246913	6.40708660579914	5.97281524948089
LYN	0.673573604610515	0.322074140729388	0.383431477691782	7.01971252609325	6.34613892148274
ALOX12	-0.115967909910573	0.456687256197137	0.451288915551872	6.81244923952563	6.9284171494362
DNAJA3	0.934155175684323	0.0788506023108331	0.231113314417102	6.99032300617462	6.0561678304903
MPV17	0.156572153377343	0.3802331186733	0.408980797250729	7.36161752784129	7.20504537446395
CCR7	-0.472176515360625	0.216918537908859	0.319955493945856	8.33891281288385	8.81108932824447
RNPEP	0.105815185735854	0.713975132059242	0.554204225196979	6.60613107194746	6.5003158862116
GSG2	0.382438893868573	0.0466101552426611	0.206722444907012	6.87552603680875	6.49308714294018
NFKBIA	0.808196185314962	0.250146149320588	0.336774628040273	7.0148846520583	6.20668846674334
NR4A1	-0.343379755870140	0.222823695682594	0.322733026964028	6.8981754992673	7.24155525513745
TYROBP	0.966801513209502	0.177046601752789	0.293977945510411	7.48257905313704	6.51577753992754
MRVI1	-0.106365997677840	0.487098766394291	0.4720396676627	6.24001552529829	6.34638152297613
CCL23	0.114351323804164	0.417726430381612	0.436437980770431	7.28252648636101	7.16817516255685
CD1E	-0.0595437050349075	0.698479408014286	0.554204225196979	7.73198124625306	7.79152495128796
MMD	0.0409910019053008	0.821867289740462	0.594631990964957	6.9773991710861	6.9364081691808
XBP1	0.0244798767114798	0.897883113137556	0.610561758321559	6.22181420598658	6.1973343292751
HLA-G	1.53411959038956	0.0946686589193721	0.238875114347988	9.04997676633113	7.51585717594156
LRRC15	-0.227037031131840	0.140313402941548	0.270643517866547	7.73826387418242	7.96530090531426
MICA	1.42083312774388	0.0425466212561968	0.206722444907012	8.07118465938529	6.6503515316414
NFKBIB	0.0550554292523868	0.741145508140703	0.562160915704333	6.47767898954491	6.42262356029252
GIMAP7	0.410483798437387	0.0404757793520353	0.206722444907012	6.43485866904966	6.02437487061227
GADD45B	1.07567016059540	0.0643164735792801	0.220545484308356	6.81170767780506	5.73603751720966
IL28RA	0.555701097921348	0.0253949716824812	0.202615805639396	7.31101314137714	6.75531204345579
HSF1	0.199880698982787	0.336224853999120	0.3891178376276	6.36429147021692	6.16441077123414
C1S	0.114944397335377	0.486527836658309	0.4720396676627	7.32784772703465	7.21290332969927
GBP1	-1.76294530517172	4.16212760250041e-05	0.00278308164873887	8.34060250203743	10.1035478072092
PPIL2	0.0550545385613139	0.736972944361817	0.561630780234515	6.75449027655803	6.69943573799671
C1QTNF6	-0.0109765535376143	0.956233165681646	0.622794685207087	5.86069277953722	5.87166933307483
COLEC10	0.339485453091175	0.272622795517377	0.351692887282142	6.73954308624514	6.40005763315397
IL17C	-0.147197253297134	0.274292938514712	0.352713303453979	6.09884118706323	6.24603844036036
CXCR6	0.077928241881252	0.770246587568641	0.570679302655038	6.31711214490711	6.23918390302586
ABCC6	-0.377235162383937	0.0202004956085860	0.202550985534327	6.14972597252013	6.52696113490407
PF4	0.171753792188861	0.201618883549970	0.311114079016507	6.17252016291122	6.00076637072235
TNFRSF1A	-0.157423290418209	0.464335858211802	0.456597855591769	6.92193433568039	7.0793576260986
STAT5B	-0.0888462118908713	0.573240200998588	0.515497541445834	6.04193934484175	6.13078555673262
LGALS4	1.22214535205934	0.17888935182371	0.293977945510411	8.78529475545975	7.56314940340041
CD1B	0.0786215000154913	0.649344906948288	0.544174196747199	6.5385616082671	6.4599401082516
SLA	0.203991401193734	0.725411934820221	0.559684346117411	6.57110253806965	6.36711113687592
CD244	-0.495278717410127	0.0237943891037322	0.202615805639396	7.22744138454727	7.7227201019574
IRF8	-0.135576884763593	0.452043119766996	0.449875808245393	7.17982931137385	7.31540619613744
SOD2	0.397081086097981	0.124420883407554	0.270142003480056	6.9726408241545	6.57555973805652
MR1	-0.0766356447879994	0.658561081999047	0.544174196747199	6.00729539486179	6.08393103964979
NPTX2	0.150757039666156	0.559797532296167	0.51276535752019	7.39855894968067	7.24780191001452
LTBR	0.561930587871263	0.0468526413256661	0.206722444907012	6.63067059841545	6.06874001054419
CSNK2A1	0.326476983253536	0.119717813897734	0.270142003480056	6.12361675887151	5.79713977561798
BTK	-0.1103871625694	0.665078482171563	0.544174196747199	6.50017601573297	6.61056317830237
PPP2R2A	0.261199371421759	0.178868264624212	0.293977945510411	7.56585848250022	7.30465911107846
CD207	-0.143840369474274	0.375247274374432	0.405148062428008	8.16407700664006	8.30791737611434
IFNA2	-0.0774658295275019	0.710887499622613	0.554204225196979	6.27725709018427	6.35472291971177
ABCB10	-0.896928087168236	0.0834346339932298	0.231883011387140	9.3909448195695	10.2878729067377
MAPKAPK2	0.209322208725777	0.360513792539808	0.399553667525873	5.85254075367265	5.64321854494688
CNIH3	0.0328609278566203	0.836172533473746	0.596579034117517	5.92272546699443	5.88986453913781
MSRA	-0.0611806508419965	0.7039191865228	0.554204225196979	6.80153936229918	6.86272001314118
CCRL2	-0.126649933406124	0.656193927917188	0.544174196747199	6.17588875742802	6.30253869083414
NFATC3	-0.213571120593481	0.165237676712234	0.285747804673303	6.15338490968651	6.36695603027999
SYK	-0.654224994796420	0.0123369763338554	0.18065339791566	5.40424362656031	6.05846862135673
PPP2R2B	0.424363740410826	0.297346423918683	0.370080365967167	7.74083671390352	7.3164729734927
HLA-DRA	0.60709223743896	0.190635082644935	0.304512745412941	6.27131402732184	5.66422178988288
IKBKE	-0.0882459736822074	0.622140337647831	0.533340194348388	6.95985312425566	7.04809909793786
LPO	0.062141455627458	0.683467561488230	0.550764602500552	7.65328692607291	7.59114547044546
MERTK	0.602050531413314	0.137581067735415	0.270142003480056	7.0590420633179	6.45699153190458
NFATC2	0.0999691137955843	0.660692932986038	0.544174196747199	5.88796634366423	5.78799722986865
SAA2	0.037990455823353	0.896301843235158	0.610521274422765	6.59907695421876	6.56108649839541
TNFRSF1B	-0.148901068061535	0.568046859393037	0.515497541445834	5.75844354368667	5.90734461174821
ABHD14B	0.0531699180152847	0.702693716076775	0.554204225196979	7.59468699819686	7.54151708018157
CTHRC1	-0.143038175174215	0.295192513323772	0.368945411648549	6.22711852643596	6.37015670161017
MALT1	0.0593181979694792	0.762234886101522	0.568687598624874	6.77892997443306	6.71961177646358
GSTO1	1.06204702819743	0.106456018872466	0.255180227427110	7.37796060752862	6.31591357933119
PTK2B	-0.431210705916451	0.049373565474338	0.206722444907012	8.05454854431644	8.48575925023289
NR4A3	0.111485640856755	0.435924520130292	0.442809441116839	7.5940626386261	7.48257699776934
TMPO	-0.0528850954967357	0.755039517004631	0.568687598624874	5.96498904952299	6.01787414501972
ULBP3	-0.208105401152805	0.362488634819394	0.399725011163444	6.71433557817034	6.92244097932315
PRDX6	0.768904350391986	0.146042632330404	0.274311392414448	7.89684676723737	7.12794241684538
KNG1	0.273808851966685	0.301218286604611	0.370702522376643	5.71274922861650	5.43894037664981
PPIL1	-0.221560342878488	0.144355138438307	0.273185845728564	7.22793614122449	7.44949648410298
S100A9	0.218327862281803	0.762595478558662	0.568687598624874	7.05837279846501	6.84004493618321
PROZ	-0.494441148455626	0.0175525631499618	0.202550985534327	5.49283275924014	5.98727390769577
PDGFRB	-0.0101677392369597	0.950480003880298	0.622794685207087	6.50440226926064	6.5145700084976
IFITM1	1.2815486612714	0.125182798713979	0.270142003480056	8.3860593789791	7.1045107177077
TPT1	1.16243213732338	0.0703107543170586	0.227489774078337	7.14848082461771	5.98604868729433
FCRL3	-0.0609639279674887	0.746100054082825	0.564784811895982	6.7170933683176	6.7780572962851
CD97	0.176491515796085	0.333470731934330	0.3891178376276	7.03251275153006	6.85602123573397
ITPR2	0.0836635932933385	0.662992096673022	0.544174196747199	6.17463899554574	6.0909754022524
LMO2	-0.0383279303990234	0.822582462588919	0.594631990964957	6.07967540902891	6.11800333942794
LTB4R	0.294041678204127	0.169585580177578	0.287079633338241	6.010853580036	5.71681190183187
ALOX12	0.601829128653726	0.123430652529318	0.270142003480056	6.2666756336256	5.66484650497187
GZMH	-0.082945617157801	0.553739271474434	0.510280437410978	6.11775646538089	6.20070208253869
TNFAIP8	1.09171254017723	0.058420529625501	0.210086709201253	6.87679475476504	5.78508221458781
SPI1	-0.066821151689628	0.551829902772685	0.510125822879465	6.55776640871106	6.62458756040068
HSPA1A	1.85055819624302	0.0519676614418435	0.206722444907012	9.73820342625134	7.88764523000831
SLURP1	-0.329026551630751	0.155967700869277	0.279219363959828	6.80328049852916	7.13230705015991
ICAM3	0.783826949017155	0.0515106814681006	0.206722444907012	6.76968739544076	5.98586044642361
IL11RA	0.255505583050573	0.358885189157434	0.399553667525873	6.22272136820722	5.96721578515664
IL28RA	0.540359962718204	0.214456891337935	0.317491807162399	6.3398609909966	5.7995010282784
ILF2	0.423822375980007	0.235354192996952	0.325844516808549	6.80384219524767	6.38001981926766
LRRC28	0.331711982826687	0.35230719355836	0.399553667525873	6.87390680059236	6.54219481776568
ITPR2	-0.396937558139239	0.312852135802051	0.376926522770968	9.04430094753559	9.44123850567483
LRRC7	-0.112063403521557	0.388126520163261	0.412635105724186	7.84407428442587	7.95613768794743
PTK2	0.930533460785827	0.00503569661607228	0.134688372671590	6.84722868984695	5.91669522906113
CD86	0.235100430816299	0.370861281014994	0.403774730469007	7.99715768526835	7.76205725445205
TNFAIP8L1	0.0339051500894127	0.705096761501264	0.554204225196979	6.82955500685613	6.79564985676672
CXCL3	-0.0101718220227029	0.961251330778412	0.623028785166063	6.27761577835067	6.28778760037337
AXL	-0.0298807944564992	0.801289466526953	0.585570104911515	6.49040083671387	6.52028163117037
OTUB2	0.08049671180944	0.605719897907216	0.528875003878713	6.65342737730849	6.57293066549905
PTPRC	0.0826791003630998	0.602965867787012	0.528875003878713	7.48040324643081	7.3977241460677
ABCC11	-0.583326719121809	0.148062786837268	0.274311392414448	5.6038119476494	6.18713866677121
C1RL	0.156566313610866	0.354659590415414	0.399553667525873	5.76647869149228	5.60991237788141
KIR3DL2	-0.0517782306525749	0.715546373301009	0.554204225196979	6.59496828345753	6.64674651411011
MAP3K10	0.162007672268613	0.411011860012435	0.43054384727556	6.65410495383564	6.49209728156703
HSPA1L	0.378241911147273	0.0435116502724539	0.206722444907012	6.85232023685662	6.47407832570935
NFKB2	-0.162060632055229	0.245956415060124	0.333371332273864	6.18385573186058	6.34591636391581
SLC11A1	0.330037082897793	0.073999506276438	0.231113314417102	7.08728514669855	6.75724806380075
SYK	0.296122047601401	0.138785882274732	0.270142003480056	6.34160467090846	6.04548262330706
CLEC4F	-0.108417843420667	0.734444668881285	0.561630780234515	7.73898557918408	7.84740342260474
BLK	0.602681734616564	0.254782296405332	0.33959755863185	6.92959694006342	6.32691520544685
PPARG	1.49452584568453	0.0428768585331786	0.206722444907012	7.29432829234915	5.79980244666462
CES2	-0.0241377365445512	0.903966565125589	0.611382715508176	6.79508192006721	6.81921965661176
LGALS3	1.73608226432869	0.0508266025343775	0.206722444907012	8.7761768011261	7.04009453679741
NKG7	0.278869666992593	0.228853487093863	0.325844516808549	6.27025981863702	5.99139015164442
SERHL	8.7072199851157e-05	0.999633105110071	0.636593043156092	6.4887290485256	6.48864197632575
CCR7	0.170818591957385	0.658608368159819	0.544174196747199	7.18554012305988	7.01472153110249
PVRL3	-0.104221131341081	0.609914909524479	0.528875003878713	6.53102554819729	6.63524667953837
GBP2	-0.647712582765958	0.0280062194614228	0.202615805639396	8.99554574037526	9.64325832314122
IL2RB	-0.119961496718409	0.501299331355855	0.481152393920063	5.86792203082747	5.98788352754588
IL8	-0.482494867930576	0.689999854835365	0.552130531359846	8.77453409308997	9.25702896102054
PPP3CA	-0.146224192161554	0.369205536491213	0.40361188666942	6.17240864887464	6.3186328410362
CD7	0.298812078599378	0.359443851548507	0.399553667525873	8.15829416526722	7.85948208666784
LGALS3BP	0.768600282771489	0.308592851598883	0.374032800256062	8.33365280699022	7.56505252421873
EMR2	0.239457933965141	0.124677201735868	0.270142003480056	6.85490237955272	6.61544444558757
APOH	0.286718084587917	0.346807139570748	0.397540877978351	7.43694682843006	7.15022874384215
AGER	0.38788832386562	0.209388789568014	0.317491807162399	6.15260473674533	5.76471641287971
EIF2AK3	0.120517206361928	0.717608891408051	0.55473077572064	5.88807132181555	5.76755411545362
HLA-DQB2	0.160222188382990	0.713088543951147	0.554204225196979	8.22629930225326	8.06607711387027
MET	-0.0365655317784759	0.850330705591184	0.5985146889698	5.9554193153575	5.99198484713598
ADORA3	-0.286997425226843	0.0102999360438963	0.173258732453382	6.40762051201629	6.69461793724313
IFITM1	0.546645042726817	0.0656524008314312	0.221342829977982	6.98685848148635	6.44021343875953
TFCP2	0.177417224596944	0.712152847030139	0.554204225196979	7.22115255149224	7.0437353268953
CD47	0.281027854105013	0.0473384402650061	0.206722444907012	5.81313348421775	5.53210563011274
IL4R	0.307164048713063	0.166582519152221	0.286837092567127	6.24799015369059	5.94082610497752
GIMAP5	-0.00251153381875113	0.986562518453489	0.631275418117721	6.70232898462025	6.704840518439
PPARA	0.051250341591933	0.87545067238463	0.602850378553397	6.00076197395689	5.94951163236496
EMR2	0.376838808350561	0.053876265160322	0.207134017478535	6.0565811332876	5.67974232493704
SEPX1	0.295594484271324	0.408038858632587	0.42854848933983	5.7881667948729	5.49257231060158
NFATC2	0.872369306452445	0.153561588336305	0.277586653212425	6.95731016393758	6.08494085748514
CCNL2	-0.219546510513529	0.136304494413656	0.270142003480056	7.50823941935724	7.72778592987077
NFAT5	0.129484839936056	0.362661037473961	0.399725011163444	6.41049142955342	6.28100658961737
IL12RB2	0.328239676636072	0.220015094489913	0.322225462656917	6.25848291905303	5.93024324241696
PLG	-0.124116668140251	0.336479516367083	0.3891178376276	6.8917321649818	7.01584883312206
HLA-DMA	-0.180860460775152	0.152089889766323	0.277357217439216	6.47546057447878	6.65632103525393
KIR3DL2	0.146425391137239	0.388773062898222	0.412635105724186	6.68071701191812	6.53429162078088
MPST	0.998236074408411	0.153599480855882	0.277586653212425	8.02837140783187	7.03013533342346
THBS4	0.0397742897511346	0.843891346972762	0.597125038416893	7.46282888970183	7.4230545999507
C1QL2	0.0229505043416722	0.881273073603255	0.604388847862324	7.99132878925146	7.96837828490979
IL1F6	0.193211909794478	0.303865929070476	0.371680666499447	6.37353112357047	6.18031921377599
IL1RN	0.214032944610962	0.22454940334172	0.323118013348063	6.06576633477924	5.85173339016828
GAB1	0.124380523114698	0.685206674964526	0.550764602500552	6.78238843213113	6.65800790901643
GSTM5	-0.157152301287312	0.33654938964996	0.3891178376276	5.90673564564375	6.06388794693106
CXCR3	-0.0194256068725380	0.915853103048472	0.611382715508176	6.83694000729066	6.8563656141632
HSPA1B	2.42144729351333	0.00669635167247246	0.154799929837322	8.79534138469719	6.37389409118385
PPIL3	0.632840371437971	0.302649999462404	0.371325463795735	6.90180021216255	6.26895984072458
ITPR2	0.477400154729152	0.0787382414761123	0.231113314417102	6.74905781838718	6.27165766365803
SARM1	0.512571931553092	0.235881976376859	0.325844516808549	6.9287567507276	6.41618481917452
BPHL	0.0379748135174633	0.84095294178912	0.596579034117517	6.59037467349224	6.55239985997477
ABCB10	1.24425349244905	0.0724028506096546	0.228725060825692	7.54428265250395	6.3000291600549
SIGLEC1	0.180822034997061	0.387679347515863	0.412635105724186	6.31598452661796	6.1351624916209
CD1C	-0.218112050739209	0.245756513223233	0.333371332273864	7.96929845006938	8.18741050080859
CSF3	0.216608146937887	0.278388516878516	0.355407039197214	7.12497531853852	6.90836717160064
F12	0.967005538530835	0.0783211967729948	0.231113314417102	8.21474966233359	7.24774412380276
IL5	-0.456591077820987	0.139380062376922	0.270142003480056	5.45106626873411	5.9076573465551
CD3G	0.359282413196325	0.0764448008699306	0.231113314417102	6.134305101465	5.77502268826868
GSTM5	0.110189075877555	0.524882423631486	0.494326893231713	6.47662675738634	6.36643768150878
ADORA2A	0.481938778680195	0.0275798981870898	0.202615805639396	6.42559084361993	5.94365206493974
HLA-DPA1	-0.280818994930027	0.224700255314527	0.323118013348063	5.81586689144612	6.09668588637615
PRKAB1	0.173441562921171	0.578195029579413	0.517764725950469	7.24879863618388	7.07535707326271
IL10RB	0.94672134623105	0.071396148744822	0.227950208286258	6.52230732723312	5.57558598100207
CCL17	0.177899486455337	0.405659834476961	0.427168127286001	6.19432839548573	6.0164289090304
VAV2	0.602545508555154	0.00904880661865679	0.172875647460698	6.05364234047614	5.45109683192098
NCR1	-0.00533008846446936	0.975392806130835	0.625125222786954	5.74139413352759	5.74672422199206
FYN	0.756179938178467	0.0577952103153296	0.210086709201253	6.13441989444453	5.37823995626606
CRB3	1.22702265347522	0.0381706250715681	0.206722444907012	7.59619554308261	6.3691728896074
IL19	0.0234876505135251	0.914099797085113	0.611382715508176	5.95011706536131	5.92662941484778
HFE	-0.0824941956144594	0.666109415568415	0.544174196747199	5.97431037338216	6.05680456899662
OSCAR	-0.178195266037044	0.220063801740054	0.322225462656917	6.118367907058	6.29656317309504
TAPBPL	0.710626220651115	0.137860072567883	0.270142003480056	6.30280568339787	5.59217946274676
FCRL1	0.511039038905789	0.138371995460754	0.270142003480056	9.5568522949695	9.0458132560637
CCL18	0.152494434681577	0.517296490360381	0.489480598821613	8.59138060445956	8.43888616977799
PPIA	-0.064180550090617	0.625225793241804	0.534842426985518	6.68960919010417	6.75378974019478
PTGS2	0.437977151725686	0.177252620606040	0.293977945510411	6.28359167128405	5.84561451955837
IL1F7	0.253063941051813	0.126378803732039	0.270142003480056	6.38634038616046	6.13327644510864
HGF	0.209593251632913	0.326936709097927	0.386924113209647	5.96411444194205	5.75452119030914
CD8A	0.134289699353617	0.309477731788176	0.374032800256062	6.2446951611648	6.11040546181119
SERP1	1.63682221987811	0.0542462022038889	0.207134017478535	8.12389115198167	6.48706893210356
HSPA6	0.330847115260618	0.0751547414099815	0.231113314417102	6.16541468250942	5.8345675672488
NPTXR	0.217604378961386	0.357374331072263	0.399553667525873	8.09413796492136	7.87653358595997
PPARD	-0.398834420031595	0.00572610079133525	0.143582269272756	6.94606797170648	7.34490239173808
GRB2	1.25772030991164	0.138546433338091	0.270142003480056	11.8340933584427	10.5763730485311
GIMAP6	0.102354809887261	0.6673309083902	0.544174196747199	9.41610210296714	9.31374729307988
CMA1	0.144423442397886	0.263343197875945	0.344148227366363	7.09535442718765	6.95093098478976
MSRB3	-0.210490121679650	0.236342376876083	0.325844516808549	7.56373120069289	7.77422132237254
C1QL4	0.225548079672931	0.334761112667327	0.3891178376276	8.45994177776535	8.23439369809242
FKBP5	0.807651596625037	0.110071819582349	0.259770022376138	6.54704686501454	5.7393952683895
SEMA4D	0.0732299486587138	0.731812452119895	0.561630780234515	6.33222140719562	6.2589914585369
PPP2R2B	0.54089397663322	0.0910691935993744	0.235722804895486	6.112335312774	5.57144133614078
KLF6	1.03885386119354	0.259731333025246	0.340567740272256	7.99914241063893	6.96028854944538
ITPR2	0.0339715660559508	0.854801733011065	0.598805332761559	6.57516941919345	6.5411978531375
TACR1	0.669449861139565	0.0188551030043579	0.202550985534327	8.4030465118774	7.73359665073784
CD200	0.0234015705389670	0.841632718783676	0.596579034117517	6.98889816905535	6.96549659851638
ITPR3	-0.576444844992403	0.0418607055302265	0.206722444907012	5.4049996077727	5.98144445276511
IL21R	-0.00880322158504132	0.955635088926284	0.622794685207087	5.98337228407906	5.9921755056641
HFE	0.29754464981366	0.436997542583219	0.442809441116839	7.54813752872692	7.25059287891326
AOC2	0.00642319350027254	0.97463284781270	0.625125222786954	6.19535142520266	6.18892823170238
CCNL2	1.09710414026499	0.100841784843214	0.24669394108233	8.1340972370352	7.0369930967702
PPP2R2B	1.22848987875704	0.0547262243559024	0.207134017478535	7.69508634525805	6.46659646650102
IFI30	0.829546538246262	0.116498262035074	0.269867818567970	7.17445972051278	6.34491318226651
CD82	0.244137509604953	0.190856012952548	0.304512745412941	6.64361474151767	6.39947723191272
AIRE	0.0878549464250051	0.613095178802077	0.528976958812549	6.46692513829276	6.37907019186775
EDA	0.134692250447277	0.299790315042709	0.370080365967167	7.01027082827208	6.8755785778248
FCGR2A	-1.32742001199779	9.38226357557142e-07	0.000191925513016665	7.77795163622038	9.10537164821817
SP3	0.027655417249016	0.894407019330976	0.610521274422765	6.38620901128629	6.35855359403727
F13A1	-0.264588555096990	0.132476682286535	0.270142003480056	6.30414622362094	6.56873477871793
ANTXR1	0.581425697685889	0.0083444612352978	0.172875647460698	7.80817192168325	7.22674622399736
IGBP1	1.10447270422683	0.126211185760533	0.270142003480056	7.4965211737614	6.39204846953457
TNFAIP8	0.395632140306268	0.231132790912332	0.325844516808549	7.47055387432189	7.07492173401562
CCL14	1.50726212677536	0.04156939369	0.206722444907012	7.24085510482672	5.73359297805136
CISH	-0.146836802552810	0.335087631503043	0.3891178376276	5.90486861425662	6.05170541680944
CD22	-0.335748645533833	0.0191359042786044	0.202550985534327	6.13958665448218	6.47533530001601
SEMA4A	-0.215171611958604	0.241874375045832	0.331195210134944	7.9869847748987	8.2021563868573
IFITM2	0.583309508778414	0.358904929297347	0.399553667525873	8.49376278135813	7.91045327257972
CCR9	-0.607536069441575	0.0264120014267372	0.202615805639396	6.32537741930132	6.9329134887429
PRG2	-0.0743921690574538	0.547228437952422	0.50939326146242	6.90795505839791	6.98234722745537
SPACA3	-0.438417450783027	0.00347981237119477	0.126918505624277	6.43169237946771	6.87010983025074
CYSLTR2	0.0868580929900418	0.758630807239746	0.568687598624874	8.6630614229188	8.57620332992876
CTSG	0.0811896834736103	0.479750621161105	0.468312264113853	6.41958549022121	6.3383958067476
PGLYRP4	0.294034450508299	0.178144070612677	0.293977945510411	6.90810373683416	6.61406928632586
IL1A	-0.465504507293199	0.00862852514949992	0.172875647460698	5.61783452512336	6.08333903241656
ALOX5	-0.64486183049145	1.39274195399655e-05	0.00144254165580395	8.07041493215053	8.71527676264198
NOXA1	-0.0161053787876009	0.913649627766973	0.611382715508176	7.85842066560422	7.87452604439182
ELK4	-0.108857806375094	0.45413592196606	0.449875808245393	6.37430908491171	6.4831668912868
SEMA5B	0.0590557228989397	0.640336844818598	0.544174196747199	7.07205590073484	7.0130001778359
ABCC8	0.096182760168623	0.451810478678936	0.449875808245393	6.51870516135823	6.42252240118961
TFCP2	0.671210317535325	0.0457245347308864	0.206722444907012	8.72785136983544	8.05664105230012
TFCP2	-0.105017691650219	0.84723582769557	0.5984297495877	6.98100718738507	7.08602487903529
PAFAH2	0.318777431476949	0.135579416363341	0.270142003480056	5.76756177692875	5.4487843454518
MAP3K10	0.0250618462536067	0.839979578940972	0.596579034117517	6.77895471446166	6.75389286820805
ICAM3	0.595261593712073	0.0875780236449992	0.234185386778228	6.82181152742477	6.22654993371269
TACR3	-0.327430342477066	0.0683541427308838	0.227489774078337	6.22992147300072	6.55735181547779
MSRA	0.0322197226966887	0.822028443049479	0.594631990964957	5.96950841583295	5.93728869313626
GAB2	-0.101012805266899	0.658613838703986	0.544174196747199	8.32778309848113	8.42879590374803
IER3	0.701068982876786	0.436515000913257	0.442809441116839	9.03036910165677	8.32930011877999
BPHL	-0.325477306935149	0.0454236005276781	0.206722444907012	6.54978394355037	6.87526125048552
FCGRT	1.24771762346739	0.0855399200121896	0.231883011387140	7.10015637148558	5.85243874801819
MSRB3	0.177928282652205	0.28002216869338	0.355522539553026	6.23915796139826	6.06122967874605
MUC1	0.555601245193079	0.240295149205347	0.330159622856623	7.28137046036984	6.72576921517676
MAP3K9	0.467452873193832	0.136810232608626	0.270142003480056	8.76388706262655	8.29643418943272
TPSG1	0.695550631889124	0.0324153171955188	0.206722444907012	7.19969937532142	6.5041487434323
NOX1	0.185343733392877	0.353537968406325	0.399553667525873	8.64790040745569	8.46255667406281
LRRC8E	0.437552521608445	0.161970552315987	0.283767326250575	9.54646599763912	9.10891347603067
TBXAS1	-0.276063737723637	0.0296448468907289	0.202615805639396	5.77920300011249	6.05526673783613
DUSP16	-0.331768430650779	0.062972897555426	0.220545484308356	7.85762117596343	8.18938960661421
CNIH2	-0.0766383725490076	0.800423509294443	0.585570104911515	8.44497133489998	8.52160970744898
NFATC2	1.24818973820767	0.0854346565937585	0.231883011387140	8.0411250856548	6.79293534744714
ITPR1	-0.176320147556681	0.544309060395142	0.509037853223625	6.74795493107313	6.92427507862982
TNKS	0.441465083779613	0.161744603067666	0.283767326250575	6.59962797628422	6.15816289250461
ICAM4	0.0293229794558236	0.84871843270428	0.5984297495877	6.05784217475351	6.02851919529769
LTB4R2	0.11056584097029	0.506912593707735	0.485378868957032	7.74159141933286	7.63102557836257
SDC4	0.0314066960073571	0.879585524257828	0.604264434632723	8.14710664230133	8.11569994629398
TBXAS1	-0.0569338284306466	0.601572104342441	0.528875003878713	7.30055031952308	7.35748414795373
XRCC5	1.07765066793799	0.113667381300541	0.265136314524678	7.70142909112416	6.62377842318617
OAS1	-0.331793493669573	0.000162117587020077	0.00929167259351448	6.53593209414395	6.86772558781353
HSPB7	0.390567638549932	0.0820811403392924	0.231883011387140	6.56470783326536	6.17414019471543
NUP88	1.2522268826062	0.192027836363448	0.304512745412941	10.5884420285039	9.33621514589767
PPIB	-0.370884915107294	0.0333903390991736	0.206722444907012	6.36154778294808	6.73243269805537
ABCC10	-0.160340525462403	0.440633960201713	0.443064421718652	6.79515758753613	6.95549811299853
DDT	1.29518000315761	0.0703083027248047	0.227489774078337	7.29085976116039	5.99567975800278
CLCF1	-0.319696818335077	0.0478600082297428	0.206722444907012	6.81431686116078	7.13401367949586
HRH1	0.0379595680900362	0.902016907103066	0.611382715508176	6.76640523046039	6.72844566237035
GSTM3	-0.00122480060096297	0.993831380064429	0.633904547484035	5.97459937915588	5.97582417975684
SEPP1	1.77695763627773	0.0481323975403848	0.206722444907012	8.50502011242079	6.72806247614305
CCL16	-0.149535383615408	0.513173268572339	0.487880412217104	6.33768340160727	6.48721878522268
MAP3K9	0.057204519337164	0.650880843911827	0.544174196747199	6.8700372290852	6.81283270974803
GPX1	0.832642098037142	0.0642326109586432	0.220545484308356	6.31812797606221	5.48548587802507
PRKAG3	0.0878890970099935	0.684546745387478	0.550764602500552	8.37000490266238	8.28211580565238
COQ10B	0.878332370150037	0.084297513041514	0.231883011387140	6.83000124113414	5.9516688709841
C1QTNF1	-0.079980550439962	0.579451369100602	0.517764725950469	6.24622697828993	6.3262075287299
MCFD2	0.705719011300076	0.0359060693656384	0.206722444907012	9.15517405558974	8.44945504428966
PLA2G4F	-0.087775271517442	0.589340976380334	0.523025857832405	7.10694798776964	7.19472325928708
PARK7	1.54646248758162	0.0185635037616978	0.202550985534327	7.36587120892834	5.81940872134672
KIR3DL2	-0.0752547688314964	0.515692787075372	0.489116706463948	6.53329400691671	6.6085487757482
HSFY1	-0.0705588138160058	0.76253713827755	0.568687598624874	6.76689685314777	6.83745566696378
AOC3	-0.340164049748413	0.0195744299577980	0.202550985534327	5.96715665896887	6.30732070871728
IRAK1	1.12768685295814	0.126007874794510	0.270142003480056	7.57454633868422	6.44685948572608
NFATC1	0.318557804398671	0.298952268922271	0.370080365967167	7.11229878110582	6.79374097670715
LRRC59	0.0639666365407043	0.839610980888857	0.596579034117517	6.72766485270832	6.66369821616762
PRKAG2	-0.223850206086333	0.0269778669062388	0.202615805639396	6.90860172901699	7.13245193510332
SOD1	1.59884266230618	0.0715894014141171	0.227950208286258	7.93012733805611	6.33128467574993
ADRB3	0.0172117984920366	0.917465484208397	0.61144169544356	7.15644128695625	7.13922948846421
ULBP2	0.202003767781767	0.290330472304344	0.365143643624257	8.10225279343935	7.90024902565758
PROCR	-0.471909782567289	0.0114283234406264	0.18065339791566	7.09623900907801	7.5681487916453
IRF2	-0.249953645337729	0.117041138978879	0.269867818567970	6.24332710411247	6.4932807494502
HLA-F	1.6189282170237	0.098845617010586	0.246316411023247	8.93060197264773	7.31167375562403
SAA4	0.142179364689246	0.371367329541996	0.403774730469007	6.19542937593186	6.05325001124262
FKBP4	0.0362916660093191	0.816541024128271	0.593472690121436	7.10230181169563	7.06601014568631
LRCH3	-0.211013151376653	0.189136228922727	0.304512745412941	5.88198447097168	6.09299762234833
CR2	-0.0294968082681226	0.862089396870248	0.600737148010285	5.95871270386403	5.98820951213216
REL	0.869314399775765	0.00478172556419109	0.134688372671590	6.32813981693972	5.45882541716396
SLIT3	-0.0729532071849492	0.709653548390157	0.554204225196979	6.28359622755188	6.35654943473683
XRCC3	-0.0859202478361887	0.683312715072134	0.550764602500552	6.16955867222721	6.2554789200634
A1BG	0.0202060478486734	0.876024566570529	0.602850378553397	6.20032894659679	6.18012289874811
BDKRB2	0.284743095620394	0.349996082242989	0.399553667525873	6.95422650103975	6.66948340541935
NOTCH3	0.0414089902393497	0.810552108551942	0.591262122059175	7.90186605359429	7.86045706335494
SEMA4D	0.156590920110250	0.453641999680157	0.449875808245393	7.99375725276796	7.83716633265771
ANTXR1	0.251577198155251	0.434905312739293	0.442809441116839	6.14725100400849	5.89567380585324
TYRO3	-0.309194959331061	0.0688918442597106	0.227489774078337	5.92882144820292	6.23801640753398
LRMP	-0.0165415656345651	0.907261268579632	0.611382715508176	5.86295629285577	5.87949785849034
HLA-DMB	-0.174160013453186	0.741232601623173	0.562160915704333	7.61589147112298	7.79005148457617
NOTCH2NL	0.370047154114936	0.0881488822296818	0.234185386778228	8.29368467852614	7.9236375244112
DPH2	-0.0361163778697211	0.816148398985998	0.593472690121436	7.41335753151389	7.44947390938361
TIRAP	0.252195377389126	0.0761449764217445	0.231113314417102	7.01746547837671	6.76527010098758
PTK2B	0.996985622631441	0.150716438663162	0.276107571386717	8.8271632442956	7.83017762166416
CSNK2A2	0.0910738198810295	0.434558549752263	0.442809441116839	6.36582596239506	6.27475214251403
ICAM2	0.101463574689650	0.534718865423622	0.502411346574875	7.15469004277043	7.05322646808078
NFATC3	0.0798785318592756	0.591857568961512	0.523025857832405	6.21638989905838	6.1365113671991
TEC	1.30076285019955	0.162950130437322	0.284242283707478	10.468018746828	9.16725589662846
MAP3K11	0.357428802838479	0.0332642922710107	0.206722444907012	6.17832158150081	5.82089277866233
CD40LG	0.121173865192358	0.439276668092856	0.442809441116839	6.68212303541771	6.56094917022535
SP4	-0.168956639524726	0.367028599963785	0.402328343434721	8.26328057508649	8.43223721461122
RAET1E	0.431515203139633	0.0887240937599657	0.234185386778228	6.17801035754405	5.74649515440442
CCR7	0.337046487053362	0.205295734481453	0.315574008188790	8.85969810319592	8.52265161614256
CD63	1.99303335656634	0.0193461010892899	0.202550985534327	8.8829697818171	6.88993642525077
THBS3	0.0647258956100609	0.606777710098275	0.528875003878713	6.36901482521001	6.30428892959995
PPP3CA	1.16021065850543	0.172645964533949	0.291032360509865	9.16204214788034	8.0018314893749
VAV2	0.70449158122535	0.157286759604599	0.279219363959828	6.5516991201959	5.84720753897055
ALOX5	0.211004326387482	0.230349456547233	0.325844516808549	6.09778315195134	5.88677882556386
MOCOS	-0.012884656113326	0.926963558469846	0.612682925532886	6.33790628536925	6.35079094148258
LGALS2	1.63417608575391	0.0295667344649717	0.202615805639396	8.31475337973869	6.68057729398478
PILRB	1.28162448079339	0.136424533827	0.270142003480056	8.92550791678977	7.64388343599638
LRRK2	-0.113545482533336	0.608799987803932	0.528875003878713	6.2305979700117	6.34414345254504
CD81	0.00737988093876574	0.97089032128363	0.624649411314856	6.20270964927392	6.19532976833516
TFCP2L1	0.0274086016497934	0.867507469031857	0.600737148010285	6.57637380777759	6.54896520612779
IL12B	-0.0110651838842042	0.960876971810181	0.623028785166063	7.32286400342555	7.33392918730975
IL20	-0.270265625298904	0.213010711923488	0.317491807162399	5.85577816178384	6.12604378708275
FBXO42	-0.145727864394588	0.251880029289374	0.336848244046115	7.74397421869823	7.88970208309282
TFCP2L1	1.48001069736669	0.0130581702088153	0.18065339791566	7.2149415266565	5.7349308292898
TBXAS1	0.172597170770358	0.257408036926662	0.340567740272256	6.03430125325742	5.86170408248706
IRAK2	0.0378802751869971	0.793246066060523	0.583946731684675	6.16147260477171	6.12359232958471
CXCL16	0.343333848437155	0.214011672116520	0.317491807162399	6.59977663965551	6.25644279121836
THBS3	0.428000357963462	0.0576853824960471	0.210086709201253	6.42436832851196	5.9963679705485
SELENBP1	-0.365380064954016	0.00391643050281142	0.130939592702390	5.67614377034472	6.04152383529873
MAL	-0.313468116177782	0.497300819790242	0.479609361915401	5.88990742270788	6.20337553888567
IL15	0.238029258476282	0.0899591104781154	0.234717307949611	6.66891650135228	6.430887242876
LGALS8	0.120105622604272	0.45808786490939	0.45156074956245	6.10210000973507	5.9819943871308
PTK2B	1.06126522888100	0.233192213403248	0.325844516808549	10.3990115852438	9.33774635636285
PPP3CB	0.157911919610405	0.325092687363110	0.385880033591304	6.03713155692976	5.87921963731936
ABCC3	-0.104697569806216	0.607405430751934	0.528875003878713	6.21506282501618	6.31976039482239
SCARB1	0.148349341522919	0.433492449202178	0.442809441116839	6.67485058432263	6.52650124279971
MYD88	0.314408967291595	0.108230617169409	0.256936165053082	6.31807016449189	6.00366119720030
IFI35	1.06083069714792	0.065524106467048	0.221342829977982	6.94739719458444	5.88656649743652
NOX1	-0.375888609311384	0.0297174800620099	0.202615805639396	5.77192368302341	6.1478122923348
ABCC8	-0.305067783900104	0.0382345719428887	0.206722444907012	7.37080319558695	7.67587097948706
TCIRG1	0.101921854244296	0.476084677007454	0.467006261041502	6.82515101393037	6.72322915968608
CCL25	-0.0311632981130758	0.915823158749214	0.611382715508176	6.43900172919384	6.47016502730691
PVRL4	0.361182054936497	0.139310632797139	0.270142003480056	6.17757212669393	5.81639007175743
PTK2	1.22137210245611	0.147404051620462	0.274311392414448	9.80829746724373	8.58692536478761
GPX3	-0.0531558506858865	0.840364217992913	0.596579034117517	6.21176291732942	6.26491876801531
HSPA8	1.17349809528397	0.207854990793753	0.317491807162399	8.24077456116251	7.06727646587854
CPN2	0.00849955488045584	0.954724848045154	0.622794685207087	5.8082707206379	5.79977116575745
HLA-G	0.266521873321044	0.258152895831225	0.340567740272256	6.49440881794667	6.22788694462562
TNFRSF9	0.217045220529012	0.382286107647922	0.41008956744866	6.12277247409307	5.90572725356406
SLAMF9	-0.0435880009135543	0.798964281730549	0.585570104911515	6.5670385897991	6.61062659071265
LAIR2	-0.416993234686096	0.375659952120731	0.405148062428008	6.17706426687641	6.5940575015625
HS3ST1	-0.0283251678377656	0.862618439644117	0.600737148010285	7.04989824968549	7.07822341752326
GSTT2	0.054689009327606	0.735802943617727	0.561630780234515	7.47927295321029	7.42458394388268
LIF	0.320657530776784	0.141913495872914	0.271122906216808	7.3097824086433	6.98912487786651
FGFR1OP2	0.0980816353809928	0.615542356661869	0.529948703007274	6.88803019149657	6.78994855611558
SOD2	-0.0906349928102745	0.867672623104636	0.600737148010285	6.16791679860599	6.25855179141626
SEMA5A	-0.36050356153227	0.0315264192693847	0.206722444907012	7.02499457370945	7.38549813524172
CLCF1	0.409794852555364	0.121551215327805	0.270142003480056	7.09079242362905	6.68099757107368
CCL24	0.198116161998064	0.169314127334869	0.287079633338241	6.86794026053348	6.66982409853542
SRC	0.540298401745396	0.111670187386926	0.262000995736586	9.86164906701848	9.32135066527308
IRF5	0.0661812714544263	0.715003923976742	0.554204225196979	7.20491000040945	7.13872872895503
LCN2	0.905887985239417	0.106854912872224	0.255180227427110	7.2468256911863	6.34093770594689
ALOX5	-0.0394959374081782	0.854926807759995	0.598805332761559	6.88139898440379	6.92089492181197
BPI	-0.360610073475089	0.235199655835912	0.325844516808549	7.70000222619842	8.06061229967351
NOTCH1	0.451740159420562	0.19826972925013	0.309517420650709	6.33591245313294	5.88417229371238
PTK2	0.730265459879456	0.194322609322205	0.304755087515184	6.73908219945638	6.00881673957692
PLUNC	0.187266376375443	0.231664225593466	0.325844516808549	6.52045080359553	6.33318442722009
CTSS	1.46360399265472	0.0211688176672046	0.202550985534327	8.12571369568824	6.66210970303352
FCAR	-0.0738805975411463	0.751860526925935	0.568073553123248	5.96334872000175	6.03722931754289
GAB3	-0.199762013832330	0.570753499532042	0.515497541445834	7.09493383599171	7.29469584982404
FUT6	0.680414763774625	0.199499209390723	0.310229633885839	6.16197405585561	5.48155929208099
PLAUR	0.87978624579648	0.069782723441986	0.227489774078337	6.75461081532261	5.87482456952613
F13B	0.113462527235360	0.44567518276955	0.447013117180429	6.07646040580977	5.96299787857441
PTGS1	0.640449009302911	0.119654274695018	0.270142003480056	6.36819725228324	5.72774824298033
NFATC1	0.560498865509952	0.044352964476237	0.206722444907012	8.26161701682746	7.7011181513175
CCL21	-0.486693995597849	0.0229302830196374	0.202615805639396	5.9570159893331	6.44370998493095
TFCP2	1.16413894363285	0.0413065989062859	0.206722444907012	6.76946240037746	5.60532345674462
NOTCH3	-0.193855991602085	0.188054059676040	0.304512745412941	6.93320750076308	7.12706349236516
CEBPB	1.58017359297644	0.033816890914269	0.206722444907012	7.55500820083641	5.97483460785997
SARM1	0.00688244132658422	0.95430493801639	0.622794685207087	7.13138435596554	7.12450191463896
MICB	-0.0820570689773428	0.698421164572771	0.554204225196979	5.92091004780831	6.00296711678566
LRRC40	-0.169192969423902	0.438225017402178	0.442809441116839	7.64683474697348	7.81602771639738
PLSCR1	-0.13712060281187	0.317939848297692	0.381511949246913	6.3251875146451	6.46230811745697
DUOX2	0.555410208036619	0.0212041976465790	0.202550985534327	9.19695138358014	8.64154117554352
NDST1	0.191570629493582	0.437133142583689	0.442809441116839	6.29956803937429	6.10799740988071
IL6	0.172837900435834	0.545667216289628	0.509121237873661	6.390905960771	6.21806806033517
HCK	-0.190219128018718	0.212910945771937	0.317491807162399	7.7508889249701	7.94110805298882
GSTM4	0.434889335144057	0.295086223368830	0.368945411648549	9.28524789034599	8.85035855520193
IL24	-0.339224734430746	0.148742753605574	0.274311392414448	7.58265623262944	7.92188096706019
TNFAIP8L2	-0.00416476908867125	0.966283758529087	0.624273481701132	6.74171705035273	6.7458818194414
COQ10A	0.191885748000588	0.597342095694328	0.526712386933937	6.12682440046038	5.93493865245979
NFKB1	0.0459142597771818	0.925452833214581	0.612682925532886	6.62528782545271	6.57937356567553
SH3BP4	-0.0562108090272382	0.737733846962138	0.561630780234515	6.81806399207048	6.87427480109772
NMI	-0.421920303072919	0.0460444630637928	0.206722444907012	7.31881158850491	7.74073189157783
NFAT5	0.774576511021269	0.088588015650867	0.234185386778228	6.97216151100039	6.19758499997912
CD40	-0.83140787446597	0.00122517331878419	0.0614425668614356	8.64204700226392	9.4734548767299
BDKRB2	0.371986460459309	0.189574461460871	0.304512745412941	6.60228369623188	6.23029723577257
LGALS8	0.0741503390442588	0.646607282064871	0.544174196747199	8.14605787684244	8.07190753779818
FUT3	0.638265001945766	0.192846898584914	0.304607610318307	6.12599001319894	5.48772501125317
THBS1	-0.537465069087267	0.511437827760416	0.487385448185854	8.14372653773616	8.68119160682342
GAB2	0.410055193357461	0.0504567594446413	0.206722444907012	6.09452189819191	5.68446670483445
ABCC5	0.0300950393378816	0.855221231439388	0.598805332761559	6.47828309398332	6.44818805464544
PPIH	0.319089492626873	0.226802335379452	0.324976007003075	6.58842147544334	6.26933198281647
IL4R	0.475026765287486	0.0123831778283270	0.18065339791566	7.2435664622907	6.76853969700321
VWF	-0.219598336134463	0.149052248160091	0.274311392414448	5.78644419774446	6.00604253387892
CCL5	-0.085599397032155	0.641607196595795	0.544174196747199	6.0684168374688	6.15401623450096
CCL22	0.181815027080457	0.494090437296461	0.477661413208522	9.84755041924033	9.66573539215987
LYZL6	-0.347255472805979	0.038921325189247	0.206722444907012	5.67875510228336	6.02601057508934
PPIL4	0.246754347918939	0.550143860001507	0.510125822879465	8.85259510437657	8.60584075645763
IGLL1	0.528596163488074	0.0470242691481984	0.206722444907012	6.9416242764108	6.41302811292273
HRH4	-0.443488672642451	0.0199658348693765	0.202550985534327	5.64213760931063	6.08562628195308
HS3ST3A1	0.0228839466408104	0.87085105626142	0.601353105233207	7.1603401529717	7.1374562063309
HSPB3	0.59481022346429	0.0836842524717251	0.231883011387140	6.18496114724334	5.59015092377905
LITAF	0.565481690782664	0.106023736227167	0.255180227427110	7.98563134259145	7.42014965180879
NR4A2	-0.0416610006908948	0.827320507184973	0.596165496833564	7.26244089031308	7.30410189100398
C1QA	0.0182139693550445	0.91461129486161	0.611382715508176	6.28067336758787	6.26245939823282
LRSAM1	-0.206770646507515	0.319510853231259	0.381511949246913	6.5778046188149	6.78457526532241
OAS2	0.332765318354038	0.143219841532444	0.272321882700198	7.5722938072332	7.23952848887916
PROC	0.259113058638397	0.222426328922072	0.322733026964028	9.05476938948686	8.79565633084847
IL4	-0.0624469114183572	0.680564467085515	0.550764602500552	8.00136869911771	8.06381561053607
LRCH3	0.386664741315938	0.168193585294731	0.287079633338241	6.19109960938408	5.80443486806814
CD200	-0.201311998324575	0.285325676852108	0.359977655025793	5.82894517441665	6.03025717274122
MAEA	1.29726525321332	0.0566900527372911	0.210086709201253	7.37746053915484	6.08019528594152
SMAD7	0.0114027759987811	0.906497601222943	0.611382715508176	6.46685047048239	6.4554476944836
PRDX2	0.265138958100088	0.248411018332868	0.335564657199837	7.2671661883934	7.00202723029331
CD97	0.590456992848858	0.0201351809797234	0.202550985534327	7.92517645187272	7.33471945902386
PVRL2	0.005493861210768	0.964569887296645	0.624171331612762	6.77691000626171	6.77141614505095
NUP88	0.102684705891124	0.565088151374999	0.515497541445834	6.5311390596364	6.42845435374528
HLA-G	1.11328144533047	0.277617419433594	0.355407039197214	10.0614956483404	8.94821420300996
NOX5	0.162109768435742	0.353864952052304	0.399553667525873	6.10363462237949	5.94152485394375
CD6	-0.130068126146037	0.259754528008491	0.340567740272256	6.76100281822951	6.89107094437555
TSPAN4	-0.084969550272688	0.65003963710593	0.544174196747199	6.11444122161433	6.19941077188702
CD48	0.0187862916022432	0.92033054414337	0.612097991793409	6.36356845842555	6.3447821668233
LGALS2	1.46384640255076	0.0779098228567888	0.231113314417102	8.74452554243895	7.28067913988819
IFNAR2	-0.0448268945717762	0.799996798332855	0.585570104911515	5.78432365596475	5.82915055053653
CD3E	-0.325882110412583	0.0126129780163665	0.18065339791566	6.96355794303189	7.28944005344447
C1QL1	0.00846460606481436	0.959932127426424	0.623028785166063	6.48136131652058	6.47289671045577
IL1RL2	-0.239779280375330	0.100659344455979	0.24669394108233	6.28125984731387	6.5210391276892
LRRC8D	0.747773374914755	0.213503612153064	0.317491807162399	6.8307515905084	6.08297821559364
SMG1	-0.085566260712917	0.570251083789085	0.515497541445834	7.14043181728874	7.22599807800166
GYPC	-0.46475946427547	0.00310924454529732	0.124743144783835	6.52531093115709	6.99007039543256
HS3ST2	-0.0931135872248507	0.521164722424274	0.491980498258312	6.68465568400288	6.77776927122773
TFCP2L1	0.612761778861519	0.0439448313633756	0.206722444907012	6.06363885695513	5.45087707809361
PTPN22	-0.49666313652725	0.00486688731644715	0.134688372671590	6.00778758087914	6.50445071740639
CD8A	0.0894857500910087	0.669916300682937	0.545174373826405	7.59389068754905	7.50440493745805
PPP2R2D	0.112870151987192	0.64965907370216	0.544174196747199	5.90811834004577	5.79524818805857
TNFAIP8L3	0.089861961033928	0.637018563025402	0.542616490685681	6.07276525407968	5.98290329304575
STAT3	-0.30085357384214	0.426427186550888	0.440975273148723	5.86696321415752	6.16781678799966
GADD45B	-0.0478352723766271	0.765932867596652	0.569060909749241	6.32867326366736	6.37650853604398
B2M	1.60325340976158	0.128438832762684	0.270142003480056	9.38054610531892	7.77729269555734
PTK2B	0.502807144144959	0.0237792562219116	0.202615805639396	6.21329616985189	5.71048902570693
PON2	1.37307480309146	0.079495445024271	0.231113314417102	7.245990371731	5.87291556863954
IFI30	-0.029706978046975	0.777726335709161	0.57463064510399	6.39299885535911	6.42270583340609
SP2	-0.326402838213515	0.00290956027703056	0.124743144783835	6.3948427989722	6.72124563718571
WAS	0.35411613885977	0.0486017451558852	0.206722444907012	6.97893120620606	6.62481506734629
DNAJA1	0.821821853425795	0.0929654876435242	0.236062211874388	6.77350647410783	5.95168462068203
SNED1	0.456140812144747	0.0583438139256946	0.210086709201253	7.74350105151463	7.28736023936988
CAMLG	1.21509720371969	0.0384806243084495	0.206722444907012	7.03756274849106	5.82246554477137
LRCH1	-0.160234136473367	0.194459481006713	0.304755087515184	6.10747017953115	6.26770431600452
GSTP1	0.187069804597281	0.360224960227618	0.399553667525873	7.18117104414577	6.99410123954849
CRB1	0.165641430541774	0.452973436404291	0.449875808245393	7.36718121336409	7.20153978282232
BLK	0.16301921256915	0.426465748021306	0.440975273148723	7.0149047015957	6.85188548902654
NKTR	0.0799727503550933	0.591669469923228	0.523025857832405	7.43858634253958	7.35861359218448
IFNGR1	0.435718567718908	0.5113163973555	0.487385448185854	8.93373125441565	8.49801268669674
CCL4	0.234677717377020	0.662665553858328	0.544174196747199	7.1036742191447	6.86899650176769
HYOU1	-0.297590463071027	0.0174732887882400	0.202550985534327	7.26169390820032	7.55928437127135
SOD1	0.136356825618382	0.569682631316897	0.515497541445834	6.69425861472492	6.55790178910654
PTAFR	0.00151321949828986	0.991844334261393	0.633644515876452	5.89682274741895	5.89530952792066
ASGR2	0.587223823114948	0.335495811977398	0.3891178376276	7.52343836891404	6.9362145457991
ASGR2	0.159736891048485	0.555990315519543	0.510443405303086	6.10584262795236	5.94610573690388
HLA-DRB5	-0.73424986670367	0.279045338297527	0.355407039197214	6.72924528821974	7.46349515492341
THBS2	-0.236303119264631	0.425592616528279	0.440975273148723	7.40342497144642	7.63972809071105
FGG	-0.0989279459103285	0.309333112230446	0.374032800256062	6.20381793686519	6.30274588277552
CSNK2A1	-0.0662349367098436	0.690849858435571	0.552130531359846	5.80822909448503	5.87446403119488
NDST1	-0.380466036265484	0.00989094694371134	0.173258732453382	5.8918070087352	6.27227304500069
IFIT5	-0.16437347668072	0.375528762835808	0.405148062428008	6.54841055318362	6.71278402986434
S100A8	0.63038408496606	0.478003001959243	0.467744376344982	8.10343436089968	7.47305027593362
SP3	0.493309186956875	0.0637674759291574	0.220545484308356	8.69478324531634	8.20147405835946
GULP1	0.0245947553072590	0.903907929700582	0.611382715508176	6.16696116087171	6.14236640556445
TBXA2R	0.188647614765166	0.35229331434131	0.399553667525873	5.8476045647675	5.65895695000233
LMO2	0.3790741856384	0.200782437862409	0.311019605606713	6.1077291819368	5.7286549962984
FKBP5	1.22402185097858	0.0370505279331631	0.206722444907012	7.37014475117049	6.14612290019191
SQSTM1	0.941613664753044	0.0793314292384685	0.231113314417102	6.70455914015331	5.76294547540027
TST	1.53536977861695	0.096589610782666	0.242198941473985	8.50288342553115	6.9675136469142
HSPB8	0.135004722211586	0.395857653937418	0.419045946352749	7.72600141954089	7.5909966973293
KIT	0.137287800986138	0.265239245671024	0.345500654946424	6.89054670744008	6.75325890645394
LIFR	-0.113021782175819	0.484949771718282	0.4720396676627	6.61868023210057	6.73170201427639
ATM	-0.023936801924088	0.860404846410799	0.600737148010285	7.11873732170948	7.14267412363357
